100010	en7889
100011	en7890
100012	en7891
100013	en7892
100014	
100015	
100016	
100017	
100018	
100019	
100020	en7894
100021	en7895
100022	en7896
100023	
100024	
100025	
100026	
100027	
100028	
100029	
100030	en7898
100031	en7899
100032	en7900
100033	
100034	
100035	
100036	
100037	
100038	
100039	
100040	en7902
100041	en7903
100042	
100043	
100044	
100045	
100046	
100047	
100048	
100049	
100050	en7905
100051	en7906
100052	
100053	
100054	
100055	
100056	
100057	
100058	
100059	
100060	en7908
100061	en7909
100062	
100063	
100064	
100065	
100066	
100067	
100068	
100069	
100070	en7911
100071	en7912
100072	
100073	
100074	
100075	
100076	
100077	
100078	
100079	
100080	en7914
100081	en7915
100082	en7916
100083	en7917
100084	en7918
100085	en7919
100086	en7920
100100	en7928
