2	【１stパブ版】油壺
3	
4	
5	【プレα版】香水瓶
100	ダークリング
101	
102	
103	
104	
105	
106	
107	
108	
109	
110	別れの言葉
111	
112	
113	
114	
115	
116	
117	
118	
119	
120	呼び鈴
200	シームレス協力要請
201	
202	
203	
204	
205	シームレス協力希望
206	
207	
208	
209	
210	太陽協力要請
211	
212	
213	
214	
215	太陽協力希望
216	
217	
218	
219	
220	
221	
222	
223	
224	
225	シームレス侵入希望
226	
227	
228	
229	
230	
231	
232	
233	
234	
235	裏切り侵入希望
335	裏切り薬
900	銃撃に必要
999	E3 Reset
1000	HPを小回復する
1001	HPを中回復する
1002	HPを大回復する
1003	
1004	
1005	
1006	
1007	
1008	
1009	
1010	HPを半分回復する
1011	HPを全回復する
1012	
1013	
1014	
1015	
1016	
1017	
1018	
1019	
1020	MPを回復する
1021	MPを中回復する
1022	MPを大回復する
1023	
1024	
1025	
1026	
1027	
1028	
1029	
1030	MPを全回復する
1031	
1032	
1033	
1034	
1035	
1036	
1037	
1038	
1039	
1040	一時的にスタミナ回復速度がアップする
1041	
1042	
1043	
1044	
1045	
1046	
1047	
1048	
1049	
1050	一時的にHPを回復しつづける
1100	HP毒をなおす
1101	MP毒をなおす
1102	HPとMP毒状態を直す
1103	出血をなおす
1104	発狂をなおす
1105	
1106	
1107	
1108	
1109	
1110	獣化する
1200	火炎ダメージ
1201	強い火炎ダメージ
1202	とても強い火炎ダメージ
1203	
1204	
1205	
1206	
1207	
1208	
1209	
1210	毒ダメージ
1211	猛毒ダメージ
1212	
1213	
1214	
1215	
1216	
1217	
1218	
1219	
1220	油まみれにする
1300	一時的に攻撃力がアップする
1301	一時的に攻撃力がおおきくアップする
1510	ごくわずかなソウルがえられる
1511	わずかなソウルがえられる
1512	それなりのソウルがえられる
1513	おおくのソウルがえられる
1514	かなりおおくのソウルがえられる
1515	なっとくのソウルがえられる
1516	
1517	
1518	
1519	
1520	ガスコイン神父のソウル
1521	
1522	
1523	
1524	
1525	
1526	
1527	
1528	
1529	
1530	教区長のソウル
1531	
1532	
1533	
1534	
1535	
1536	
1537	
1538	
1539	
1540	血に渇いた獣のソウル
1541	
1542	
1543	
1544	
1545	
1546	
1547	
1548	
1549	
1550	アイコレクターのソウル
1551	
1552	
1553	
1554	
1555	
1556	
1557	
1558	
1559	
1560	蛇玉のソウル
1561	
1562	
1563	
1564	
1565	
1566	
1567	
1568	
1569	
1570	レッサーデーモン（死と闇）のソウル
1571	
1572	
1573	
1574	
1575	
1576	
1577	
1578	
1579	
1580	王の死神のソウル
1581	
1582	
1583	
1584	
1585	
1586	
1587	
1588	
1589	
1590	大学教授のソウル
1591	
1592	
1593	
1594	
1595	
1596	
1597	
1598	
1599	
1600	白痴の蜘蛛のソウル
1601	
1602	
1603	
1604	
1605	
1606	
1607	
1608	
1609	
1610	なりそこないの邪神のソウル
1611	
1612	
1613	
1614	
1615	
1616	
1617	
1618	
1619	
1620	邪神のソウル
1621	
1622	
1623	
1624	
1625	
1626	
1627	
1628	
1629	
1630	聖女ビーストのソウル
1631	
1632	
1633	
1634	
1635	
1636	
1637	
1638	
1639	
1640	月の落とし子のソウル
1641	
1642	
1643	
1644	
1645	
1646	
1647	
1648	
1649	
1650	悪夢を継ぐもののソウル
1700	ダンジョン人（デブ）のソウル
1701	
1702	
1703	
1704	
1705	
1706	
1707	
1708	
1709	
1710	敵アバターのソウル
1711	
1712	
1713	
1714	
1715	
1716	
1717	
1718	
1719	
1720	滅びの炎の眷属のソウル
1721	
1722	
1723	
1724	
1725	
1726	
1727	
1728	
1729	
1730	銀の獣の眷属のソウル
1731	
1732	
1733	
1734	
1735	
1736	
1737	
1738	
1739	
1740	さまよう寡婦のソウル
1741	
1742	
1743	
1744	
1745	
1746	
1747	
1748	
1749	
1750	なりそこないのメッセンジャー（ほおずき）のソウル
1751	
1752	
1753	
1754	
1755	
1756	
1757	
1758	
1759	
1760	脳喰らいのソウル
1761	
1762	
1763	
1764	
1765	
1766	
1767	
1768	
1769	
1770	司祭のソウル
1771	
1772	
1773	
1774	
1775	
1776	
1777	
1778	
1779	
1780	吸血豚のソウル
1781	
1782	
1783	
1784	
1785	
1786	
1787	
1788	
1789	
1790	フレッシュゴーレムのソウル
1791	
1792	
1793	
1794	
1795	
1796	
1797	
1798	
1799	
1800	血に渇いた獣のソウル
1801	
1802	
1803	
1804	
1805	
1806	
1807	
1808	
1809	
1810	嵐の獣のソウル
1811	
1812	
1813	
1814	
1815	
1816	
1817	
1818	
1819	
1820	ダンジョン人（ロード）のソウル
1821	
1822	
1823	
1824	
1825	
1826	
1827	
1828	
1829	
1830	始祖ビーストのソウル
1831	
1832	
1833	
1834	
1835	
1836	
1837	
1838	
1839	
1840	白痴の蜘蛛のソウル
1841	
1842	
1843	
1844	
1845	
1846	
1847	
1848	
1849	
1850	炎の獣のソウル
1851	
1852	
1853	
1854	
1855	
1856	
1857	
1858	
1859	
1860	邪神のソウル
1861	
1862	
1863	
1864	
1865	
1866	
1867	
1868	
1869	
1870	ダンジョン人（花嫁）のソウル
1871	
1872	
1873	
1874	
1875	
1876	
1877	
1878	
1879	
1880	嵐の獣（骨）のソウル
1881	
1882	
1883	
1884	
1885	
1886	
1887	
1888	
1889	
1890	月の落とし子のソウル
1891	
1892	
1893	
1894	
1895	
1896	
1897	
1898	
1899	
1900	レッサーデーモン（死と闇）のソウル
1901	
1902	
1903	
1904	
1905	
1906	
1907	
1908	
1909	
1910	銀の獣のソウル
1911	
1912	
1913	
1914	
1915	
1916	
1917	
1918	
1919	
1920	悪夢を継ぐもののソウル
2000	広範囲にわたって、無差別に攻撃する
2001	
2002	
2003	
2004	
2005	
2006	
2007	
2008	
2009	
2010	広範囲にわたって、無差別に攻撃する
2011	
2012	
2013	
2014	
2015	
2016	
2017	
2018	
2019	
2020	魔法攻撃を跳ね返す
2021	
2022	
2023	
2024	
2025	
2026	
2027	
2028	
2029	
2030	防御力が高くなる
2031	
2032	
2033	
2034	
2035	
2036	
2037	
2038	
2039	
2040	明かりを灯す
2041	
2042	
2043	
2044	
2045	
2046	
2047	
2048	
2049	
2050	周囲の味方も含めてHPを回復する
2051	
2052	
2053	
2054	
2055	
2056	
2057	
2058	
2059	
2060	緊急回避が変化する
2061	
2062	
2063	
2064	
2065	
2066	
2067	
2068	
2069	
2070	地を這う衝撃波を出す
2071	
2072	
2073	
2074	
2075	
2076	
2077	
2078	
2079	
2080	誘導弾を発射する
2081	
2082	
2083	
2084	
2085	
2086	
2087	
2088	
2089	
2090	敵味方関係なく攻撃するようになる
2091	
2092	
2093	
2094	
2095	
2096	
2097	
2098	
2099	
2100	知らずに触れた敵にダメージを与える
2101	
2102	
2103	
2104	
2105	
2106	
2107	
2108	
2109	
2110	メッセンジャーに擬態する
2500	短銃の弾
2600	長銃の弾
2700	大筒の弾
3000	武器の強化素材
3001	
3002	
3003	
3004	
3005	
3006	
3007	
3008	
3009	
3010	武器の強化素材
3011	
3012	
3013	
3014	
3015	
3016	
3017	
3018	
3019	
3020	武器の強化素材
4000	聖堂街Bの鍵
4001	森への鍵
4002	大学の鍵
4003	古城への招待状
4004	生贄の鍵
4005	学長の鍵
5000	メインブロック鍵1
5001	メインブロック鍵2
5002	メインブロック鍵3
5003	メインブロック鍵4
5004	メインブロック鍵5
5005	メインブロック鍵6
5006	メインブロック鍵7
5007	メインブロック鍵8
5008	メインブロック鍵9
5009	メインブロック鍵10
5100	ダンジョン汎用鍵1
5101	ダンジョン汎用鍵2
5102	ダンジョン汎用鍵3
5103	ダンジョン汎用鍵4
5104	ダンジョン汎用鍵5
5105	ダンジョン汎用鍵6
5106	ダンジョン汎用鍵7
5107	ダンジョン汎用鍵8
5108	ダンジョン汎用鍵9
5109	ダンジョン汎用鍵10
6000	固定聖杯1
6001	固定聖杯2
6002	固定聖杯3
6003	固定聖杯4
6004	固定聖杯5
6005	固定聖杯6
6006	固定聖杯7
6007	固定聖杯8
6008	固定聖杯9
6009	固定聖杯10
6010	固定聖杯11
6011	固定聖杯12
6012	固定聖杯13
6013	固定聖杯14
6014	固定聖杯15
6015	固定聖杯16
6016	固定聖杯17
6017	固定聖杯18
6018	固定聖杯19
6019	固定聖杯20
6020	固定聖杯21
6021	固定聖杯22
6022	固定聖杯23
6023	固定聖杯24
6024	固定聖杯25
6025	固定聖杯26
6026	固定聖杯27
6027	固定聖杯28
6028	固定聖杯29
6029	固定聖杯30
6030	固定聖杯31
6031	固定聖杯32
6032	固定聖杯33
6033	固定聖杯34
6034	固定聖杯35
6035	固定聖杯36
6036	固定聖杯37
6037	固定聖杯38
6038	固定聖杯39
6039	固定聖杯40
6040	固定聖杯41
6041	固定聖杯42
6042	固定聖杯43
6043	固定聖杯44
6044	固定聖杯45
6045	固定聖杯46
6046	固定聖杯47
6047	固定聖杯48
6048	固定聖杯49
6049	固定聖杯50
6100	自動生成聖杯1
6101	自動生成聖杯2
6102	自動生成聖杯3
6103	自動生成聖杯4
6104	自動生成聖杯5
6105	
6106	
6107	
6108	
6109	
6110	自動生成聖杯6
6111	自動生成聖杯7
6112	自動生成聖杯8
6113	自動生成聖杯9
6114	自動生成聖杯10
6115	
6116	
6117	
6118	
6119	
6120	自動生成聖杯11
6121	自動生成聖杯12
6122	自動生成聖杯13
6123	自動生成聖杯14
6124	自動生成聖杯15
6125	
6126	
6127	
6128	
6129	
6130	自動生成聖杯16
6131	自動生成聖杯17
6132	自動生成聖杯18
6133	自動生成聖杯19
6134	自動生成聖杯20
6135	
6136	
6137	
6138	
6139	
6140	自動生成聖杯21
6141	自動生成聖杯22
6142	自動生成聖杯23
6143	自動生成聖杯24
6144	自動生成聖杯25
6200	自動生成聖杯26
6201	自動生成聖杯27
6202	自動生成聖杯28
6203	自動生成聖杯29
6204	自動生成聖杯30
6205	
6206	
6207	
6208	
6209	
6210	自動生成聖杯31
6211	自動生成聖杯32
6212	自動生成聖杯33
6213	自動生成聖杯34
6214	自動生成聖杯35
6215	
6216	
6217	
6218	
6219	
6220	自動生成聖杯36
6221	自動生成聖杯37
6222	自動生成聖杯38
6223	自動生成聖杯39
6224	自動生成聖杯40
6225	
6226	
6227	
6228	
6229	
6230	自動生成聖杯41
6231	自動生成聖杯42
6232	自動生成聖杯43
6233	自動生成聖杯44
6234	自動生成聖杯45
6235	
6236	
6237	
6238	
6239	
6240	自動生成聖杯46
6241	自動生成聖杯47
6242	自動生成聖杯48
6243	自動生成聖杯49
6244	自動生成聖杯50
6300	自動生成聖杯51
6301	自動生成聖杯52
6302	自動生成聖杯53
6303	自動生成聖杯54
6304	自動生成聖杯55
6305	
6306	
6307	
6308	
6309	
6310	自動生成聖杯56
6311	自動生成聖杯57
6312	自動生成聖杯58
6313	自動生成聖杯59
6314	自動生成聖杯60
6315	
6316	
6317	
6318	
6319	
6320	自動生成聖杯61
6321	自動生成聖杯62
6322	自動生成聖杯63
6323	自動生成聖杯64
6324	自動生成聖杯65
6325	
6326	
6327	
6328	
6329	
6330	自動生成聖杯66
6331	自動生成聖杯67
6332	自動生成聖杯68
6333	自動生成聖杯69
6334	自動生成聖杯70
6335	
6336	
6337	
6338	
6339	
6340	自動生成聖杯71
6341	自動生成聖杯72
6342	自動生成聖杯73
6343	自動生成聖杯74
6344	自動生成聖杯75
6400	自動生成聖杯76
6401	自動生成聖杯77
6402	自動生成聖杯78
6403	自動生成聖杯79
6404	自動生成聖杯80
6405	
6406	
6407	
6408	
6409	
6410	自動生成聖杯81
6411	自動生成聖杯82
6412	自動生成聖杯83
6413	自動生成聖杯84
6414	自動生成聖杯85
6415	
6416	
6417	
6418	
6419	
6420	自動生成聖杯86
6421	自動生成聖杯87
6422	自動生成聖杯88
6423	自動生成聖杯89
6424	自動生成聖杯90
6425	
6426	
6427	
6428	
6429	
6430	自動生成聖杯91
6431	自動生成聖杯92
6432	自動生成聖杯93
6433	自動生成聖杯94
6434	自動生成聖杯95
6435	
6436	
6437	
6438	
6439	
6440	自動生成聖杯96
6441	自動生成聖杯97
6442	自動生成聖杯98
6443	自動生成聖杯99
6444	自動生成聖杯100
6500	自動生成聖杯101
6501	自動生成聖杯102
6502	自動生成聖杯103
6503	自動生成聖杯104
6504	自動生成聖杯105
6505	
6506	
6507	
6508	
6509	
6510	自動生成聖杯106
6511	自動生成聖杯107
6512	自動生成聖杯108
6513	自動生成聖杯109
6514	自動生成聖杯110
6515	
6516	
6517	
6518	
6519	
6520	自動生成聖杯111
6521	自動生成聖杯112
6522	自動生成聖杯113
6523	自動生成聖杯114
6524	自動生成聖杯115
6525	
6526	
6527	
6528	
6529	
6530	自動生成聖杯116
6531	自動生成聖杯117
6532	自動生成聖杯118
6533	自動生成聖杯119
6534	自動生成聖杯120
6535	
6536	
6537	
6538	
6539	
6540	自動生成聖杯121
6541	自動生成聖杯122
6542	自動生成聖杯123
6543	自動生成聖杯124
6544	自動生成聖杯125
6600	自動生成聖杯126
6601	自動生成聖杯127
6602	自動生成聖杯128
6603	自動生成聖杯129
6604	自動生成聖杯130
6605	
6606	
6607	
6608	
6609	
6610	自動生成聖杯131
6611	自動生成聖杯132
6612	自動生成聖杯133
6613	自動生成聖杯134
6614	自動生成聖杯135
6615	
6616	
6617	
6618	
6619	
6620	自動生成聖杯136
6621	自動生成聖杯137
6622	自動生成聖杯138
6623	自動生成聖杯139
6624	自動生成聖杯140
6625	
6626	
6627	
6628	
6629	
6630	自動生成聖杯141
6631	自動生成聖杯142
6632	自動生成聖杯143
6633	自動生成聖杯144
6634	自動生成聖杯145
6635	
6636	
6637	
6638	
6639	
6640	自動生成聖杯146
6641	自動生成聖杯147
6642	自動生成聖杯148
6643	自動生成聖杯149
6644	自動生成聖杯150
6700	自動生成聖杯151
6701	自動生成聖杯152
6702	自動生成聖杯153
6703	自動生成聖杯154
6704	自動生成聖杯155
6705	
6706	
6707	
6708	
6709	
6710	自動生成聖杯156
6711	自動生成聖杯157
6712	自動生成聖杯158
6713	自動生成聖杯159
6714	自動生成聖杯160
6715	
6716	
6717	
6718	
6719	
6720	自動生成聖杯161
6721	自動生成聖杯162
6722	自動生成聖杯163
6723	自動生成聖杯164
6724	自動生成聖杯165
6725	
6726	
6727	
6728	
6729	
6730	自動生成聖杯166
6731	自動生成聖杯167
6732	自動生成聖杯168
6733	自動生成聖杯169
6734	自動生成聖杯170
6735	
6736	
6737	
6738	
6739	
6740	自動生成聖杯171
6741	自動生成聖杯172
6742	自動生成聖杯173
6743	自動生成聖杯174
6744	自動生成聖杯175
99000020	Item Text(Item)_test20
99000021	Item Text(Item)_test21
99000022	Item Text(Item)_test22
99000023	Item Text(Item)_test23
99000024	Item Text(Item)_test24
99000025	Item Text(Item)_test25
99000026	Item Text(Item)_test26
99000027	Item Text(Item)_test27
99000028	Item Text(Item)_test28
99000029	Item Text(Item)_test29
99000030	Item Text(Item)_test30
99000031	Item Text(Item)_test31
99000032	Item Text(Item)_test32
99000033	Item Text(Item)_test33
99000034	Item Text(Item)_test34
99000035	Item Text(Item)_test35
99000036	Item Text(Item)_test36
99000037	Item Text(Item)_test37
99000038	Item Text(Item)_test38
99000039	Item Text(Item)_test39
