2	【１stパブ版】油壺
3	
4	
5	【プレα版】香水瓶
100	ダークリング
101	
102	
103	
104	
105	
106	
107	
108	
109	
110	別れの言葉
111	
112	
113	
114	
115	
116	
117	
118	
119	
120	呼び鈴
200	夢呼びの香炉
201	
202	
203	
204	
205	夢歩きの香木
206	
207	
208	
209	
210	遥かなる夢呼びの香炉
211	
212	
213	
214	
215	遥かなる夢歩きの香木
216	
217	
218	
219	
220	
221	
222	
223	
224	
225	悪夢歩きの香木
226	
227	
228	
229	
230	
231	
232	
233	
234	
235	悪夢潜みの香木
335	裏切り者の嗅ぎタバコ
900	弾丸血清
999	すべてをやりなおす
1000	輸血液
1001	生命の酒B
1002	生命の酒C
1003	
1004	
1005	
1006	
1007	
1008	
1009	
1010	生命の酒D
1011	生命の酒E
1012	
1013	
1014	
1015	
1016	
1017	
1018	
1019	
1020	弾丸血清
1021	血清誘発剤B
1022	血清誘発剤C
1023	
1024	
1025	
1026	
1027	
1028	
1029	
1030	血清誘発剤D
1031	
1032	
1033	
1034	
1035	
1036	
1037	
1038	
1039	
1040	興奮丸薬
1041	
1042	
1043	
1044	
1045	
1046	
1047	
1048	
1049	
1050	沸騰火酒
1100	解毒薬
1101	浄血剤
1102	ハシバミ
1103	白薬玉
1104	忘れな草
1105	
1106	
1107	
1108	
1109	
1110	獣の血
1200	火炎瓶
1201	手榴弾
1202	イジーの手榴弾
1203	
1204	
1205	
1206	
1207	
1208	
1209	
1210	毒壺
1211	猛毒壺
1212	
1213	
1214	
1215	
1216	
1217	
1218	
1219	
1220	油壺
1221	
1222	
1223	
1224	
1225	
1226	
1227	
1228	
1229	
1230	石ころ
1300	血の釉薬
1301	カインの釉薬
1400	すべてをやりなおす
1510	生き肝
1511	大きな生き肝
1512	生き肝C
1513	生き肝D
1514	生き肝E
1515	生き肝F
1516	
1517	
1518	
1519	
1520	ガスコイン神父の生き肝
1521	
1522	
1523	
1524	
1525	
1526	
1527	
1528	
1529	
1530	医療主教ヘルベルトの生き肝
1531	
1532	
1533	
1534	
1535	
1536	
1537	
1538	
1539	
1540	己皮剥ぎの生き肝
1541	
1542	
1543	
1544	
1545	
1546	
1547	
1548	
1549	
1550	ヘムウィックの魔女の生き肝
1551	
1552	
1553	
1554	
1555	
1556	
1557	
1558	
1559	
1560	蛇玉の生き肝
1561	
1562	
1563	
1564	
1565	
1566	
1567	
1568	
1569	
1570	夢魔の生き肝
1571	
1572	
1573	
1574	
1575	
1576	
1577	
1578	
1579	
1580	殉教者ローゲリウスの生き肝
1581	
1582	
1583	
1584	
1585	
1586	
1587	
1588	
1589	
1590	ミコラーシュの抜け殻の生き肝
1591	
1592	
1593	
1594	
1595	
1596	
1597	
1598	
1599	
1600	白痴の蜘蛛　ロマの生き肝
1601	
1602	
1603	
1604	
1605	
1606	
1607	
1608	
1609	
1610	なりそこないの邪神の生き肝
1611	
1612	
1613	
1614	
1615	
1616	
1617	
1618	
1619	
1620	失楽使徒の生き肝
1621	
1622	
1623	
1624	
1625	
1626	
1627	
1628	
1629	
1630	聖女ラウラの生き肝
1631	
1632	
1633	
1634	
1635	
1636	
1637	
1638	
1639	
1640	月の落とし子　ゴースの生き肝
1641	
1642	
1643	
1644	
1645	
1646	
1647	
1648	
1649	
1650	エーブリエタースを継ぐ者の生き肝
1700	墓守隊長の生き肝
1701	
1702	
1703	
1704	
1705	
1706	
1707	
1708	
1709	
1710	獣憑きの生き肝
1711	
1712	
1713	
1714	
1715	
1716	
1717	
1718	
1719	
1720	滅びの炎の眷属の生き肝
1721	
1722	
1723	
1724	
1725	
1726	
1727	
1728	
1729	
1730	ファウナの眷属の生き肝
1731	
1732	
1733	
1734	
1735	
1736	
1737	
1738	
1739	
1740	古い生贄の乙女の生き肝
1741	
1742	
1743	
1744	
1745	
1746	
1747	
1748	
1749	
1750	ほおずきの生き肝
1751	
1752	
1753	
1754	
1755	
1756	
1757	
1758	
1759	
1760	脳喰らいの生き肝
1761	
1762	
1763	
1764	
1765	
1766	
1767	
1768	
1769	
1770	狂った修験者の生き肝
1771	
1772	
1773	
1774	
1775	
1776	
1777	
1778	
1779	
1780	人喰い豚の生き肝
1781	
1782	
1783	
1784	
1785	
1786	
1787	
1788	
1789	
1790	フレッシュゴーレムの生き肝
1791	
1792	
1793	
1794	
1795	
1796	
1797	
1798	
1799	
1800	己皮剥ぎの生き肝
1801	
1802	
1803	
1804	
1805	
1806	
1807	
1808	
1809	
1810	黒獣の生き肝
1811	
1812	
1813	
1814	
1815	
1816	
1817	
1818	
1819	
1820	墓守の古老の生き肝
1821	
1822	
1823	
1824	
1825	
1826	
1827	
1828	
1829	
1830	獣血の主の生き肝
1831	
1832	
1833	
1834	
1835	
1836	
1837	
1838	
1839	
1840	白痴の蜘蛛　ロマの生き肝
1841	
1842	
1843	
1844	
1845	
1846	
1847	
1848	
1849	
1850	炎の古獣の生き肝
1851	
1852	
1853	
1854	
1855	
1856	
1857	
1858	
1859	
1860	失楽使徒の生き肝
1861	
1862	
1863	
1864	
1865	
1866	
1867	
1868	
1869	
1870	穢れた血の花嫁の生き肝
1871	
1872	
1873	
1874	
1875	
1876	
1877	
1878	
1879	
1880	嵐の古獣の生き肝
1881	
1882	
1883	
1884	
1885	
1886	
1887	
1888	
1889	
1890	月の落とし子　ゴースの生き肝
1891	
1892	
1893	
1894	
1895	
1896	
1897	
1898	
1899	
1900	夢魔の生き肝
1901	
1902	
1903	
1904	
1905	
1906	
1907	
1908	
1909	
1910	銀の獣　ファウナの生き肝
1911	
1912	
1913	
1914	
1915	
1916	
1917	
1918	
1919	
1920	エーブリエタースを継ぐ者の生き肝
2000	ゴースの先触れ
2001	
2002	
2003	
2004	
2005	
2006	
2007	
2008	
2009	
2010	ゴースの怒り
2011	
2012	
2013	
2014	
2015	
2016	
2017	
2018	
2019	
2020	反射光壁
2021	
2022	
2023	
2024	
2025	
2026	
2027	
2028	
2029	
2030	聖液受領
2031	
2032	
2033	
2034	
2035	
2036	
2037	
2038	
2039	
2040	星灯り
2041	
2042	
2043	
2044	
2045	
2046	
2047	
2048	
2049	
2050	覚醒強要
2051	
2052	
2053	
2054	
2055	
2056	
2057	
2058	
2059	
2060	ダブルアクセル
2061	
2062	
2063	
2064	
2065	
2066	
2067	
2068	
2069	
2070	カインの衝撃
2071	
2072	
2073	
2074	
2075	
2076	
2077	
2078	
2079	
2080	つきまとい
2081	
2082	
2083	
2084	
2085	
2086	
2087	
2088	
2089	
2090	幸せな開放
2091	
2092	
2093	
2094	
2095	
2096	
2097	
2098	
2099	
2100	危険な従者
2101	
2102	
2103	
2104	
2105	
2106	
2107	
2108	
2109	
2110	従者のよそおい
2500	血清弾丸（短銃）
2600	血清弾丸（長銃）
2700	血清弾丸（キャノン）
3000	貴重な血の結晶
3001	
3002	
3003	
3004	
3005	
3006	
3007	
3008	
3009	
3010	血の結晶
3011	
3012	
3013	
3014	
3015	
3016	
3017	
3018	
3019	
3020	レア素材
4000	大橋の鍵
4001	広場の鍵
4002	裏口の鍵
4003	カインボーンの招待状
4004	生贄の鍵
4005	学長の鍵
4006	孤児院1Fの鍵（仮）
4007	孤児院2Fの鍵（仮）
4100	レベルアップ解禁アイテム
4101	ショップラインナップ拡充アイテム
4102	武器強化解禁アイテム
4103	魔石着脱解禁アイテム
4104	ボディジェム着脱解禁アイテム
5000	大きな鍵1
5001	大きな鍵2
5002	大きな鍵3
5003	大きな鍵4
5004	大きな鍵5
5005	大きな鍵6
5006	大きな鍵7
5007	大きな鍵8
5008	大きな鍵9
5009	大きな鍵10
5100	小さな鍵1
5101	小さな鍵2
5102	小さな鍵3
5103	小さな鍵4
5104	小さな鍵5
5105	小さな鍵6
5106	小さな鍵7
5107	小さな鍵8
5108	小さな鍵9
5109	小さな鍵10
6000	鍵の聖杯1-1
6001	鍵の聖杯1-2
6002	鍵の聖杯1-3
6003	鍵の聖杯2-1
6004	鍵の聖杯2-2
6005	鍵の聖杯2-3
6006	鍵の血聖杯2-4
6007	鍵の古聖杯2-5
6008	鍵の聖杯3-1
6009	鍵の聖杯3-2
6010	鍵の血聖杯3-3
6011	鍵の血聖杯3-4
6012	鍵の古聖杯3-5
6013	鍵の古聖杯3-6
6014	鍵の聖杯4-1
6015	鍵の聖杯4-2
6016	鍵の聖杯4-3
6017	鍵の血聖杯4-4
6018	鍵の血聖杯4-5
6019	鍵の古聖杯4-6
6020	鍵の古聖杯4-7
6021	鍵の骨杯4-8
6022	鍵の星聖杯4-9
6023	鍵の聖杯5-1
6024	鍵の聖杯5-2
6025	鍵の血聖杯5-3
6026	鍵の血聖杯5-4
6027	鍵の古聖杯5-5
6028	鍵の古聖杯5-6
6029	鍵の骨杯5-7
6030	鍵の骨杯5-8
6031	鍵の星聖杯5-9
6032	鍵の星聖杯5-10
6033	鍵の聖杯6-1
6034	鍵の聖杯6-2
6035	鍵の血聖杯6-3
6036	鍵の血聖杯6-4
6037	鍵の古聖杯6-5
6038	鍵の古聖杯6-6
6039	鍵の骨杯6-7
6040	鍵の骨杯6-8
6041	鍵の骨杯6-9
6042	鍵の星聖杯6-10
6043	鍵の星聖杯6-11
6044	鍵の星聖杯6-12
6045	鍵の聖杯7-1
6046	鍵の血聖杯7-2
6047	鍵の古聖杯7-3
6048	鍵の骨杯7-4
6049	鍵の星聖杯7-5
6100	聖杯1-1
6101	聖杯1-2
6102	聖杯1-3
6103	聖杯1-4
6104	聖杯1-5
6105	
6106	
6107	
6108	
6109	
6110	血の聖杯1-6
6111	血の聖杯1-7
6112	血の聖杯1-8
6113	血の聖杯1-9
6114	血の聖杯1-10
6115	
6116	
6117	
6118	
6119	
6120	古聖杯1-11
6121	古聖杯1-12
6122	古聖杯1-13
6123	古聖杯1-14
6124	古聖杯1-15
6125	
6126	
6127	
6128	
6129	
6130	骨杯1-16
6131	骨杯1-17
6132	骨杯1-18
6133	骨杯1-19
6134	骨杯1-20
6135	
6136	
6137	
6138	
6139	
6140	星の聖杯1-21
6141	星の聖杯1-22
6142	星の聖杯1-23
6143	星の聖杯1-24
6144	星の聖杯1-25
6200	聖杯2-1
6201	聖杯2-2
6202	聖杯2-3
6203	聖杯2-4
6204	聖杯2-5
6205	
6206	
6207	
6208	
6209	
6210	血の聖杯2-6
6211	血の聖杯2-7
6212	血の聖杯2-8
6213	血の聖杯2-9
6214	血の聖杯2-10
6215	
6216	
6217	
6218	
6219	
6220	古聖杯2-11
6221	古聖杯2-12
6222	古聖杯2-13
6223	古聖杯2-14
6224	古聖杯2-15
6225	
6226	
6227	
6228	
6229	
6230	骨杯2-16
6231	骨杯2-17
6232	骨杯2-18
6233	骨杯2-19
6234	骨杯2-20
6235	
6236	
6237	
6238	
6239	
6240	星の聖杯2-21
6241	星の聖杯2-22
6242	星の聖杯2-23
6243	星の聖杯2-24
6244	星の聖杯2-25
6300	聖杯3-1
6301	聖杯3-2
6302	聖杯3-3
6303	聖杯3-4
6304	聖杯3-5
6305	
6306	
6307	
6308	
6309	
6310	血の聖杯3-6
6311	血の聖杯3-7
6312	血の聖杯3-8
6313	血の聖杯3-9
6314	血の聖杯3-10
6315	
6316	
6317	
6318	
6319	
6320	古聖杯3-11
6321	古聖杯3-12
6322	古聖杯3-13
6323	古聖杯3-14
6324	古聖杯3-15
6325	
6326	
6327	
6328	
6329	
6330	骨杯3-16
6331	骨杯3-17
6332	骨杯3-18
6333	骨杯3-19
6334	骨杯3-20
6335	
6336	
6337	
6338	
6339	
6340	星の聖杯3-21
6341	星の聖杯3-22
6342	星の聖杯3-23
6343	星の聖杯3-24
6344	星の聖杯3-25
6400	聖杯4-1
6401	聖杯4-2
6402	聖杯4-3
6403	聖杯4-4
6404	聖杯4-5
6405	
6406	
6407	
6408	
6409	
6410	血の聖杯4-6
6411	血の聖杯4-7
6412	血の聖杯4-8
6413	血の聖杯4-9
6414	血の聖杯4-10
6415	
6416	
6417	
6418	
6419	
6420	古聖杯4-11
6421	古聖杯4-12
6422	古聖杯4-13
6423	古聖杯4-14
6424	古聖杯4-15
6425	
6426	
6427	
6428	
6429	
6430	骨杯4-16
6431	骨杯4-17
6432	骨杯4-18
6433	骨杯4-19
6434	骨杯4-20
6435	
6436	
6437	
6438	
6439	
6440	星の聖杯4-21
6441	星の聖杯4-22
6442	星の聖杯4-23
6443	星の聖杯4-24
6444	星の聖杯4-25
6500	聖杯5-1
6501	聖杯5-2
6502	聖杯5-3
6503	聖杯5-4
6504	聖杯5-5
6505	
6506	
6507	
6508	
6509	
6510	血の聖杯5-6
6511	血の聖杯5-7
6512	血の聖杯5-8
6513	血の聖杯5-9
6514	血の聖杯5-10
6515	
6516	
6517	
6518	
6519	
6520	古聖杯5-11
6521	古聖杯5-12
6522	古聖杯5-13
6523	古聖杯5-14
6524	古聖杯5-15
6525	
6526	
6527	
6528	
6529	
6530	骨杯5-16
6531	骨杯5-17
6532	骨杯5-18
6533	骨杯5-19
6534	骨杯5-20
6535	
6536	
6537	
6538	
6539	
6540	星の聖杯5-21
6541	星の聖杯5-22
6542	星の聖杯5-23
6543	星の聖杯5-24
6544	星の聖杯5-25
6600	聖杯6-1
6601	聖杯6-2
6602	聖杯6-3
6603	聖杯6-4
6604	聖杯6-5
6605	
6606	
6607	
6608	
6609	
6610	血の聖杯6-6
6611	血の聖杯6-7
6612	血の聖杯6-8
6613	血の聖杯6-9
6614	血の聖杯6-10
6615	
6616	
6617	
6618	
6619	
6620	古聖杯6-11
6621	古聖杯6-12
6622	古聖杯6-13
6623	古聖杯6-14
6624	古聖杯6-15
6625	
6626	
6627	
6628	
6629	
6630	骨杯6-16
6631	骨杯6-17
6632	骨杯6-18
6633	骨杯6-19
6634	骨杯6-20
6635	
6636	
6637	
6638	
6639	
6640	星の聖杯6-21
6641	星の聖杯6-22
6642	星の聖杯6-23
6643	星の聖杯6-24
6644	星の聖杯6-25
6700	聖杯7-1
6701	聖杯7-2
6702	聖杯7-3
6703	聖杯7-4
6704	聖杯7-5
6705	
6706	
6707	
6708	
6709	
6710	血の聖杯7-6
6711	血の聖杯7-7
6712	血の聖杯7-8
6713	血の聖杯7-9
6714	血の聖杯7-10
6715	
6716	
6717	
6718	
6719	
6720	古聖杯7-11
6721	古聖杯7-12
6722	古聖杯7-13
6723	古聖杯7-14
6724	古聖杯7-15
6725	
6726	
6727	
6728	
6729	
6730	骨杯7-16
6731	骨杯7-17
6732	骨杯7-18
6733	骨杯7-19
6734	骨杯7-20
6735	
6736	
6737	
6738	
6739	
6740	星の聖杯7-21
6741	星の聖杯7-22
6742	星の聖杯7-23
6743	星の聖杯7-24
6744	星の聖杯7-25
7000	プア儀式素材
7001	ノーマル儀式素材
7002	レア儀式素材
7003	
7004	
7005	
7006	
7007	
7008	
7009	
7010	血の儀式素材
7011	
7012	
7013	
7014	
7015	
7016	
7017	
7018	
7019	
7020	嵐の儀式素材
7021	
7022	
7023	
7024	
7025	
7026	
7027	
7028	
7029	
7030	過去の儀式素材
7031	
7032	
7033	
7034	
7035	
7036	
7037	
7038	
7039	
7040	コズミックの儀式素材
99000001	Item Text(Item)_test1
99000002	Item Text(Item)_test2
99000003	Item Text(Item)_test3
99000004	Item Text(Item)_test4
99000005	Item Text(Item)_test5
99000006	Item Text(Item)_test6
99000007	Item Text(Item)_test7
99000008	Item Text(Item)_test8
99000009	Item Text(Item)_test9
99000010	Item Text(Item)_test10
99000011	Item Text(Item)_test11
99000012	Item Text(Item)_test12
99000013	Item Text(Item)_test13
99000014	Item Text(Item)_test14
99000015	Item Text(Item)_test15
99000016	Item Text(Item)_test16
99000017	Item Text(Item)_test17
99000018	Item Text(Item)_test18
99000019	Item Text(Item)_test19
