2000	en4685
2001	
2002	
2003	
2004	
2005	
2006	
2007	
2008	
2009	
2010	en4686
2011	
2012	
2013	
2014	
2015	
2016	
2017	
2018	
2019	
2020	en4687
2021	
2022	
2023	
2024	
2025	
2026	
2027	
2028	
2029	
2030	en4688
2031	
2032	
2033	
2034	
2035	
2036	
2037	
2038	
2039	
2040	en4689
2041	
2042	
2043	
2044	
2045	
2046	
2047	
2048	
2049	
2050	en4690
2051	
2052	
2053	
2054	
2055	
2056	
2057	
2058	
2059	
2060	en4691
2061	
2062	
2063	
2064	
2065	
2066	
2067	
2068	
2069	
2070	en4692
2071	
2072	
2073	
2074	
2075	
2076	
2077	
2078	
2079	
2080	en4693
2081	
2082	
2083	
2084	
2085	
2086	
2087	
2088	
2089	
2090	en4694
2091	
2092	
2093	
2094	
2095	
2096	
2097	
2098	
2099	
2100	en4695
2101	
2102	
2103	
2104	
2105	
2106	
2107	
2108	
2109	
2110	en4696
2500	Hunter Bullet
2600	Beast-shot
2700	en4697
