100010	③
100011	④
100012	①
100013	②
100014	
100015	
100016	
100017	
100018	
100019	
100020	L2R2（未作成）
100021	⑩
100022	⑧
100023	
100024	
100025	
100026	
100027	
100028	
100029	
100030	L1R1（未作成）
100031	⑨
100032	⑦
100033	
100034	
100035	
100036	
100037	
100038	
100039	
100040	⑯
100041	⑥
100042	
100043	
100044	
100045	
100046	
100047	
100048	
100049	
100050	⑰
100051	⑱
100052	
100053	
100054	
100055	
100056	
100057	
100058	
100059	
100060	⑪
100061	⑫
100062	
100063	
100064	
100065	
100066	
100067	
100068	
100069	
100070	①
100071	②
100072	
100073	
100074	
100075	
100076	
100077	
100078	
100079	
100080	㊤
100081	㊦
100082	㊧
100083	㊨
100084	⑮
100085	⑭
100086	⑤
100100	⑥
200001	DARK SOULS
200101	
200201	
200202	
200203	
200204	
200205	
200301	
200302	
200303	
200304	
200401	
200402	
200403	
200404	
200501	
200502	
200503	
200504	
200601	
200602	
200603	
200604	
200701	
200702	
200703	
200704	
200800	
