infoStartAddr:	0x36F0
numEntries:	0x7D	125
title:	DECAL_PARAM_ST
paramStartAddr:	0x00000BF8
entryID   	paramAddr 	infoAddr  	textureId	dmypolyId	pitchAngle	yawAngle	nearDistance	farDistance	nearSize	farSize	maskSpeffectId	randomVariationNum:4	replaceTextureId_byMaterial:1	dmypolyCategory:2	decalShapeType:4	useDeferredDecal:1	usePaintDecal:1	targetAttackChr:1	targetDamageChr:1	targetOtherChr:1	targetMapObj:1	usePom:1	randomSizeMin	randomSizeMax	randomRollMin	randomRollMax	randomPitchMin	randomPitchMax	randomYawMin	randomYawMax	pomHightScale	pomSampleMin	pomSampleMax	pad_00[14]
0x00000000	0x00000BF8	0x000036F0	0	0	0.0	0.0	0.0	0.0	0.0	0.0	0	0	0	0	0	0	0	0	0	0	0	0	256	256	0.0	0.0	0.0	0.0	0.0	0.0	0.000	0	8		 30c6 30b9 30c8
0x00000001	0x00000C50	0x000036F8	33021000	-1	30.0	-40.0	0.0	3.0	1.0	2.0	-1	0	1	0	0	1	1	1	1	1	1	0	23040	28160	131072.0	158459989584919382031773728768.0	-0.0	-0.0	-0.0	-0.0	-0.000	63	8		 3010 30c6 30b9 30c8 3011 8840 7cca
0x00000002	0x00000CA8	0x00003708	23000000	-1	0.0	0.0	0.0	10.0	2.0	2.0	-1	0	0	0	1	1	1	1	1	1	1	0	25600	25600	0.0	0.0	0.0	0.0	0.0	0.0	-0.000	63	8		 3010 30c6 30b9 30c8 3011 7126 3052 8de1
0x00000003	0x00000D00	0x0000371A	1	-1	0.0	0.0	0.0	10.0	2.0	2.0	-1	0	0	0	1	1	1	1	1	1	1	0	25600	25600	0.0	0.0	0.0	0.0	0.0	0.0	-0.000	63	8		 3010 30c6 30b9 30c8 3011 30ad 30e5 30fc 30d6 30c6 30b9 30c8
0x00000064	0x00000D58	0x00003734	11011000	-1	30.0	-40.0	0.0	3.0	1.0	2.0	-1	0	1	0	0	1	1	1	1	1	1	0	23040	28160	131072.0	158459989584919382031773728768.0	-0.0	-0.0	-0.0	-0.0	-0.000	63	8		 8840 7cca 6b63 9762 3000 6575 002d 30de 30c3 30d7
0x00000065	0x00000DB0	0x0000374A	11011000	-1	30.0	-40.0	0.0	3.0	1.0	2.0	-1	0	1	0	0	1	1	1	1	1	1	0	23040	28160	131072.0	158459989584919382031773728768.0	-0.0	-0.0	-0.0	-0.0	-0.000	63	8		 8840 7cca 5de6 3000 0020 0020 0020 6575 002d 30de 30c3 30d7
0x00000066	0x00000E08	0x00003764	11011000	-1	30.0	-40.0	0.0	3.0	1.0	2.0	-1	0	1	0	0	1	1	1	1	1	1	0	23040	28160	131072.0	158459989584919382031773728768.0	-0.0	-0.0	-0.0	-0.0	-0.000	63	8		 8840 7cca 53f3 3000 0020 0020 0020 6575 002d 30de 30c3 30d7
0x00000096	0x00000E60	0x0000377E	33021100	7	10.0	-20.0	-0.5	8.0	1.5	1.5	-1	0	0	0	0	1	0	0	0	0	1	0	23040	28160	0.0	0.0	-0.0	-0.0	-0.0	-0.0	-0.000	63	8		 6b7b 4ea1 6642 5410 8840 3000 30de 30c3 30d7
0x000000C8	0x00000EB8	0x00003792	13011000	-1	0.0	0.0	-1.5	4.0	1.0	1.0	-1	0	1	0	0	0	1	1	1	1	1	0	23040	28160	0.0	0.0	-0.0	-0.0	-0.0	-0.0	-0.000	63	8		 8840 7cca 6b63 9762 0020 0020 30ad 30e3 30e9
0x000000C9	0x00000F10	0x000037A6	13011000	-1	20.0	-20.0	-1.5	4.0	1.0	1.0	-1	0	1	0	0	0	1	1	1	1	1	0	23040	28160	0.0	0.0	-0.0	-0.0	-0.0	-0.0	-0.000	63	8		 8840 7cca 5de6 3000 0020 0020 0020 30ad 30e3 30e9
0x000000CA	0x00000F68	0x000037BC	13011000	-1	0.0	60.0	-1.5	4.0	1.0	1.0	-1	0	1	0	0	0	1	1	1	1	1	0	23040	28160	0.0	0.0	-0.0	-0.0	-0.0	-0.0	-0.000	63	8		 8840 7cca 53f3 3000 0020 0020 0020 30ad 30e3 30e9
0x000000D2	0x00000FC0	0x000037D2	13011000	0	0.0	80.0	0.0	4.0	1.0	1.0	-1	0	1	0	0	0	1	1	1	1	1	0	23040	28160	0.0	0.0	-0.0	-0.0	-0.0	-0.0	-0.000	63	8		 8840 7cca 6295 3052 0020 0020 30ad 30e3 30e9
0x000000D3	0x00001018	0x000037E6	13021100	81	-16.0	-113.0	-1.0	4.0	1.0	1.0	-1	0	0	0	0	0	1	1	1	1	1	0	23040	28160	0.0	0.0	-0.0	-0.0	-0.0	-0.0	-0.000	63	8		 8840 7cca 30d1 30ea 30a3 6295 3052 0020 0020 6575 002d 0050 0043
0x000000D4	0x00001070	0x00003802	13021100	81	-3.0	39.0	-0.7	4.0	1.0	1.0	-1	0	0	0	0	0	1	1	1	1	1	0	23040	28160	0.0	0.0	-0.0	-0.0	-0.0	-0.0	-0.000	63	8		 8840 7cca 30d1 30ea 30a3 6295 3052 0020 0020 6575 002d 0050 0043
0x0000012C	0x000010C8	0x0000381E	13011000	-1	0.0	40.0	-0.5	4.0	1.0	2.0	-1	2	1	0	0	1	0	1	1	1	1	0	23040	28160	131072.0	158459989584919382031773728768.0	-0.0	-0.0	-0.0	-0.0	-0.000	63	8		 8840 7cca 6b63 9762 0020 0020 30de 30c3 30d7
0x0000012D	0x00001120	0x00003832	13011000	-1	30.0	-30.0	-0.5	4.0	1.4	3.0	-1	2	1	0	0	1	0	1	1	1	1	0	23040	28160	0.0	-0.0	-0.0	-0.0	-0.0	-0.0	-0.000	63	8		 8840 7cca 5de6 3000 0020 0020 0020 30de 30c3 30d7
0x0000012E	0x00001178	0x00003848	13011000	-1	30.0	30.0	-0.5	4.0	2.0	3.0	-1	2	1	0	0	1	0	1	1	1	1	0	23040	28160	0.0	0.0	-0.0	-0.0	-0.0	-0.0	-0.000	63	8		 8840 7cca 53f3 3000 0020 0020 0020 30de 30c3 30d7
0x00000136	0x000011D0	0x0000385E	13011000	-1	30.0	-40.0	-0.5	3.0	2.0	3.0	-1	0	1	0	0	1	0	1	1	1	1	0	23040	28160	0.0	0.0	-0.0	-0.0	-0.0	-0.0	-0.000	63	8		 8840 7cca 6295 3052 3000 30de 30c3 30d7
0x00000137	0x00001228	0x00003870	13021100	204	-146.0	7.0	-1.5	7.0	2.6	3.3	-1	2	0	0	0	1	0	1	1	1	1	0	23040	28160	131072.0	158459989584919382031773728768.0	-0.0	-0.0	-0.0	-0.0	-0.000	63	8		 8840 7cca 30d1 30ea 30a3 6295 3052 3000 0050 0043 002d 30de 30c3 30d7
0x00000138	0x00001280	0x0000388E	13021000	204	-146.0	79.0	-1.5	7.0	1.0	2.0	-1	2	0	0	0	1	0	1	1	1	1	0	23040	28160	131072.0	158459989584919382031773728768.0	-0.0	-0.0	-0.0	-0.0	-0.000	63	8		 8840 7cca 30d1 30ea 30a3 6295 3052 3000 0050 0043 002d 30de 30c3 30d7
0x00000139	0x000012D8	0x000038AC	12011000	204	-161.0	-57.0	-0.8	4.0	1.0	2.0	-1	2	0	0	0	1	0	1	1	1	1	0	23040	28160	131072.0	158459989584919382031773728768.0	-0.0	-0.0	-0.0	-0.0	-0.000	63	8		 8840 7cca 30d1 30ea 30a3 6295 3052 3000 0050 0043 002d 30de 30c3 30d7
0x0000015E	0x00001330	0x000038CA	11011000	170	-146.0	7.0	-1.5	7.0	2.6	3.3	481	2	0	0	0	1	0	0	0	0	1	0	23040	28160	131072.0	158459989584919382031773728768.0	-0.0	-0.0	-0.0	-0.0	-0.000	63	8		 8840 7cca 6559 533a 9577 3000 30de 30c3 30d7
0x0000015F	0x00001388	0x000038DE	11011000	171	-146.0	7.0	-1.5	7.0	2.6	3.3	482	2	0	0	0	1	0	0	0	0	1	0	23040	28160	131072.0	158459989584919382031773728768.0	-0.0	-0.0	-0.0	-0.0	-0.000	63	8		 8840 7cca 6559 533a 9577 3000 30de 30c3 30d7
0x00000160	0x000013E0	0x000038F2	11011000	172	-146.0	7.0	-1.5	7.0	2.6	3.3	481	2	0	0	0	1	0	0	0	0	1	0	23040	28160	131072.0	158459989584919382031773728768.0	-0.0	-0.0	-0.0	-0.0	-0.000	63	8		 8840 7cca 6559 533a 9577 3000 30de 30c3 30d7
0x00000161	0x00001438	0x00003906	11011000	173	-146.0	7.0	-1.5	7.0	2.6	3.3	481	2	0	0	0	1	0	0	0	0	1	0	23040	28160	131072.0	158459989584919382031773728768.0	-0.0	-0.0	-0.0	-0.0	-0.000	63	8		 8840 7cca 6559 533a 9577 3000 30de 30c3 30d7
0x00000162	0x00001490	0x0000391A	11011000	174	-146.0	7.0	-1.5	7.0	2.6	3.3	483	2	0	0	0	1	0	0	0	0	1	0	23040	28160	131072.0	158459989584919382031773728768.0	-0.0	-0.0	-0.0	-0.0	-0.000	63	8		 8840 7cca 6559 533a 9577 3000 30de 30c3 30d7
0x00000163	0x000014E8	0x0000392E	11011000	175	-146.0	7.0	-1.5	7.0	2.6	3.3	484	2	0	0	0	1	0	0	0	0	1	0	23040	28160	131072.0	158459989584919382031773728768.0	-0.0	-0.0	-0.0	-0.0	-0.000	63	8		 8840 7cca 6559 533a 9577 3000 30de 30c3 30d7
0x00000164	0x00001540	0x00003942	11011000	176	-146.0	7.0	-1.5	7.0	2.6	3.3	482	2	0	0	0	1	0	0	0	0	1	0	23040	28160	131072.0	158459989584919382031773728768.0	-0.0	-0.0	-0.0	-0.0	-0.000	63	8		 8840 7cca 6559 533a 9577 3000 30de 30c3 30d7
0x00000165	0x00001598	0x00003956	11011000	177	-146.0	7.0	-1.5	7.0	2.6	3.3	482	2	0	0	0	1	0	0	0	0	1	0	23040	28160	131072.0	158459989584919382031773728768.0	-0.0	-0.0	-0.0	-0.0	-0.000	63	8		 8840 7cca 6559 533a 9577 3000 30de 30c3 30d7
0x00000166	0x000015F0	0x0000396A	11011000	178	-146.0	7.0	-1.5	7.0	2.6	3.3	481	2	0	0	0	1	0	0	0	0	1	0	23040	28160	131072.0	158459989584919382031773728768.0	-0.0	-0.0	-0.0	-0.0	-0.000	63	8		 8840 7cca 6559 533a 9577 3000 30de 30c3 30d7
0x00000167	0x00001648	0x0000397E	11011000	179	-146.0	7.0	-1.5	7.0	2.6	3.3	482	2	0	0	0	1	0	0	0	0	1	0	23040	28160	131072.0	158459989584919382031773728768.0	-0.0	-0.0	-0.0	-0.0	-0.000	63	8		 8840 7cca 6559 533a 9577 3000 30de 30c3 30d7
0x00000168	0x000016A0	0x00003992	11011000	7	180.0	0.0	-1.5	7.0	2.6	3.3	-1	2	0	0	0	1	1	1	1	1	1	0	23040	28160	0.0	0.0	-0.0	-0.0	-0.0	-0.0	-0.000	63	8		 8840 7cca 6559 533a 9577 005f 9854 0031 3000 30ad 30e3 30e9 002c 30de 30c3 30d7
0x00000169	0x000016F8	0x000039B4	11011000	171	-90.0	0.0	-1.5	7.0	2.6	3.3	-1	2	0	0	0	1	1	1	1	1	1	0	23040	28160	0.0	0.0	-0.0	-0.0	-0.0	-0.0	-0.000	63	8		 8840 7cca 6559 533a 9577 005f 9854 0032 3000 30ad 30e3 30e9 002c 30de 30c3 30d7
0x0000016B	0x00001750	0x000039D6	11011000	178	-50.0	0.0	-2.0	7.0	3.0	4.0	-1	2	0	0	0	1	1	1	1	1	1	0	23040	28160	0.0	0.0	-0.0	-0.0	-0.0	-0.0	-0.000	63	8		 8840 7cca 6559 533a 9577 005f 53f3 8155 3000 30ad 30e3 30e9 002c 30de 30c3 30d7
0x0000016F	0x000017A8	0x000039F8	11011000	179	80.0	0.0	-2.0	7.0	3.0	4.0	-1	2	0	0	0	1	1	1	1	1	1	0	23040	28160	0.0	0.0	-0.0	-0.0	-0.0	-0.0	-0.000	63	8		 8840 7cca 6559 533a 9577 005f 5de6 8155 3000 30ad 30e3 30e9 002c 30de 30c3 30d7
0x00000170	0x00001800	0x00003A1A	11011000	101	-80.0	50.0	-2.0	7.0	3.0	4.0	-1	2	0	0	0	1	1	1	1	1	1	0	23040	28160	0.0	0.0	-0.0	-0.0	-0.0	-0.0	-0.000	63	8		 8840 7cca 6559 533a 9577 005f 53f3 819d 3000 30ad 30e3 30e9 002c 30de 30c3 30d7
0x00000171	0x00001858	0x00003A3C	11011000	102	-70.0	-90.0	-2.0	7.0	3.0	4.0	-1	2	0	0	0	1	1	1	1	1	1	0	23040	28160	0.0	0.0	-0.0	-0.0	-0.0	-0.0	-0.000	63	8		 8840 7cca 6559 533a 9577 005f 5de6 819d 3000 30ad 30e3 30e9 002c 30de 30c3 30d7
0x00000190	0x000018B0	0x00003A5E	33031100	-1	52.0	5.0	-1.0	3.0	1.5	1.5	-1	0	1	0	0	0	1	1	1	1	1	0	25600	-32256	-158456325028528675187087900672.0	-158459970695453450553192873984.0	-0.0	-0.0	-0.0	-0.0	-0.000	63	8		 6cb9 307e 307f 308c
0x000001F4	0x00001908	0x00003A68	33031000	150	0.0	0.0	-1.0	3.0	4.0	4.0	-1	0	0	0	0	1	0	1	1	1	1	1	25600	-32256	-158456325028528675187087900672.0	-158459970695453450553192873984.0	-0.0	-0.0	-0.0	-0.0	-0.000	59	16		 3072 3073 5272 308c
0x000001F5	0x00001960	0x00003A72	33031000	151	0.0	0.0	-1.0	3.0	4.0	4.0	-1	0	0	0	0	1	0	1	1	1	1	1	25600	-32256	-158456325028528675187087900672.0	-158459970695453450553192873984.0	-0.0	-0.0	-0.0	-0.0	-0.000	59	16		 3072 3073 5272 308c
0x000001F6	0x000019B8	0x00003A7C	33031000	152	0.0	0.0	-1.0	3.0	4.0	4.0	-1	0	0	0	0	1	0	1	1	1	1	1	25600	-32256	-158456325028528675187087900672.0	-158459970695453450553192873984.0	-0.0	-0.0	-0.0	-0.0	-0.000	59	16		 3072 3073 5272 308c
0x000001F7	0x00001A10	0x00003A86	33031000	153	0.0	0.0	-1.0	3.0	4.0	4.0	-1	0	0	0	0	1	0	1	1	1	1	1	25600	-32256	-158456325028528675187087900672.0	-158459970695453450553192873984.0	-0.0	-0.0	-0.0	-0.0	-0.000	59	16		 3072 3073 5272 308c
0x000001F8	0x00001A68	0x00003A90	33031000	154	0.0	0.0	-1.0	3.0	4.0	4.0	-1	0	0	0	0	1	0	1	1	1	1	1	25600	-32256	-158456325028528675187087900672.0	-158459970695453450553192873984.0	-0.0	-0.0	-0.0	-0.0	-0.000	59	16		 3072 3073 5272 308c
0x000001F9	0x00001AC0	0x00003A9A	33031000	155	0.0	0.0	-1.0	3.0	4.0	4.0	-1	0	0	0	0	1	0	1	1	1	1	1	25600	-32256	-158456325028528675187087900672.0	-158459970695453450553192873984.0	-0.0	-0.0	-0.0	-0.0	-0.000	59	16		 3072 3073 5272 308c
0x000001FE	0x00001B18	0x00003AA4	33031000	160	0.0	0.0	-1.0	3.0	4.0	4.0	-1	0	0	0	0	1	0	1	1	1	1	1	25600	-32256	-158456325028528675187087900672.0	-158459970695453450553192873984.0	-0.0	-0.0	-0.0	-0.0	-0.000	59	16		 3072 3073 5272 308c
0x000001FF	0x00001B70	0x00003AAE	33031000	161	0.0	0.0	-1.0	3.0	4.0	4.0	-1	0	0	0	0	1	0	1	1	1	1	1	25600	-32256	-158456325028528675187087900672.0	-158459970695453450553192873984.0	-0.0	-0.0	-0.0	-0.0	-0.000	59	16		 3072 3073 5272 308c
0x00000200	0x00001BC8	0x00003AB8	33031000	162	0.0	0.0	-1.0	3.0	4.0	4.0	-1	0	0	0	0	1	0	1	1	1	1	1	25600	-32256	-158456325028528675187087900672.0	-158459970695453450553192873984.0	-0.0	-0.0	-0.0	-0.0	-0.000	59	16		 3072 3073 5272 308c
0x00000201	0x00001C20	0x00003AC2	33031000	163	0.0	0.0	-1.0	3.0	4.0	4.0	-1	0	0	0	0	1	0	1	1	1	1	1	25600	-32256	-158456325028528675187087900672.0	-158459970695453450553192873984.0	-0.0	-0.0	-0.0	-0.0	-0.000	59	16		 3072 3073 5272 308c
0x00000202	0x00001C78	0x00003ACC	33031000	164	0.0	0.0	-1.0	3.0	4.0	4.0	-1	0	0	0	0	1	0	1	1	1	1	1	25600	-32256	-158456325028528675187087900672.0	-158459970695453450553192873984.0	-0.0	-0.0	-0.0	-0.0	-0.000	59	16		 3072 3073 5272 308c
0x00000208	0x00001CD0	0x00003AD6	33031000	165	0.0	0.0	-1.0	3.0	4.0	4.0	-1	0	0	0	0	1	0	1	1	1	1	1	25600	-32256	-158456325028528675187087900672.0	-158459970695453450553192873984.0	-0.0	-0.0	-0.0	-0.0	-0.000	59	16		 3072 3073 5272 308c
0x00000209	0x00001D28	0x00003AE0	33031000	166	0.0	0.0	-1.0	3.0	4.0	4.0	-1	0	0	0	0	1	0	1	1	1	1	1	25600	-32256	-158456325028528675187087900672.0	-158459970695453450553192873984.0	-0.0	-0.0	-0.0	-0.0	-0.000	59	16		 3072 3073 5272 308c
0x0000020A	0x00001D80	0x00003AEA	33031000	167	0.0	0.0	-1.0	3.0	4.0	4.0	-1	0	0	0	0	1	0	1	1	1	1	1	25600	-32256	-158456325028528675187087900672.0	-158459970695453450553192873984.0	-0.0	-0.0	-0.0	-0.0	-0.000	59	16		 3072 3073 5272 308c
0x0000020B	0x00001DD8	0x00003AF4	33031000	168	0.0	0.0	-1.0	3.0	4.0	4.0	-1	0	0	0	0	1	0	1	1	1	1	1	25600	-32256	-158456325028528675187087900672.0	-158459970695453450553192873984.0	-0.0	-0.0	-0.0	-0.0	-0.000	59	16		 3072 3073 5272 308c
0x0000020C	0x00001E30	0x00003AFE	33031000	169	0.0	0.0	-1.0	3.0	4.0	4.0	-1	0	0	0	0	1	0	1	1	1	1	1	25600	-32256	-158456325028528675187087900672.0	-158459970695453450553192873984.0	-0.0	-0.0	-0.0	-0.0	-0.000	59	16		 3072 3073 5272 308c
0x00000212	0x00001E88	0x00003B08	33031000	140	0.0	0.0	-1.0	3.0	4.0	4.0	-1	0	0	0	0	1	0	1	1	1	1	1	25600	-32256	-158456325028528675187087900672.0	-158459970695453450553192873984.0	-0.0	-0.0	-0.0	-0.0	-0.000	59	16		 3072 3073 5272 308c 3000 8fd1 63a5 0032 6483 76ee
0x00000213	0x00001EE0	0x00003B1E	33031000	141	0.0	0.0	-1.0	3.0	4.0	4.0	-1	0	0	0	0	1	0	1	1	1	1	1	25600	-32256	-158456325028528675187087900672.0	-158459970695453450553192873984.0	-0.0	-0.0	-0.0	-0.0	-0.000	59	16		 3072 3073 5272 308c 3000 8fd1 63a5 0032 6483 76ee
0x00000214	0x00001F38	0x00003B34	33031000	142	0.0	0.0	-1.0	3.0	4.0	4.0	-1	0	0	0	0	1	0	1	1	1	1	1	25600	-32256	-158456325028528675187087900672.0	-158459970695453450553192873984.0	-0.0	-0.0	-0.0	-0.0	-0.000	59	16		 3072 3073 5272 308c 3000 8fd1 63a5 0032 6483 76ee
0x00000215	0x00001F90	0x00003B4A	33031000	143	0.0	0.0	-1.0	3.0	4.0	4.0	-1	0	0	0	0	1	0	1	1	1	1	1	25600	-32256	-158456325028528675187087900672.0	-158459970695453450553192873984.0	-0.0	-0.0	-0.0	-0.0	-0.000	59	16		 3072 3073 5272 308c 3000 8fd1 63a5 0032 6483 76ee
0x00000216	0x00001FE8	0x00003B60	33031000	144	0.0	0.0	-1.0	3.0	4.0	4.0	-1	0	0	0	0	1	0	1	1	1	1	1	25600	-32256	-158456325028528675187087900672.0	-158459970695453450553192873984.0	-0.0	-0.0	-0.0	-0.0	-0.000	59	16		 3072 3073 5272 308c 3000 8fd1 63a5 0032 6483 76ee
0x0000021C	0x00002040	0x00003B76	33031000	145	0.0	0.0	-1.0	3.0	4.0	4.0	-1	0	0	0	0	1	0	1	1	1	1	1	25600	-32256	-158456325028528675187087900672.0	-158459970695453450553192873984.0	-0.0	-0.0	-0.0	-0.0	-0.000	59	16		 3072 3073 5272 308c 3000 8fd1 63a5 0032 6483 76ee
0x0000021D	0x00002098	0x00003B8C	33031000	146	0.0	0.0	-1.0	3.0	4.0	4.0	-1	0	0	0	0	1	0	1	1	1	1	1	25600	-32256	-158456325028528675187087900672.0	-158459970695453450553192873984.0	-0.0	-0.0	-0.0	-0.0	-0.000	59	16		 3072 3073 5272 308c 3000 8fd1 63a5 0032 6483 76ee
0x0000021E	0x000020F0	0x00003BA2	33031000	147	0.0	0.0	-1.0	3.0	4.0	4.0	-1	0	0	0	0	1	0	1	1	1	1	1	25600	-32256	-158456325028528675187087900672.0	-158459970695453450553192873984.0	-0.0	-0.0	-0.0	-0.0	-0.000	59	16		 3072 3073 5272 308c 3000 8fd1 63a5 0032 6483 76ee
0x0000021F	0x00002148	0x00003BB8	33031000	148	0.0	0.0	-1.0	3.0	4.0	4.0	-1	0	0	0	0	1	0	1	1	1	1	1	25600	-32256	-158456325028528675187087900672.0	-158459970695453450553192873984.0	-0.0	-0.0	-0.0	-0.0	-0.000	59	16		 3072 3073 5272 308c 3000 8fd1 63a5 0032 6483 76ee
0x00000220	0x000021A0	0x00003BCE	33031000	149	0.0	0.0	-1.0	3.0	4.0	4.0	-1	0	0	0	0	1	0	1	1	1	1	1	25600	-32256	-158456325028528675187087900672.0	-158459970695453450553192873984.0	-0.0	-0.0	-0.0	-0.0	-0.000	59	16		 3072 3073 5272 308c 3000 8fd1 63a5 0032 6483 76ee
0x00000258	0x000021F8	0x00003BE4	0	-1	10.0	40.0	-1.0	3.0	3.0	3.0	-1	0	0	0	0	1	0	1	1	1	1	0	25600	-32256	-158456325028528675187087900672.0	-158459970695453450553192873984.0	-0.0	-0.0	-0.0	-0.0	-0.000	63	8		 7126 3052 8de1 3000 4e2d
0x00000259	0x00002250	0x00003BF0	0	-1	40.0	0.0	-1.0	3.0	0.5	0.5	-1	0	0	0	0	0	1	1	1	1	1	0	25600	-32256	-158456325028528675187087900672.0	-158459970695453450553192873984.0	-0.0	-0.0	-0.0	-0.0	-0.000	63	8		 7126 3052 8de1 0020 6575 002d 0050 0043 3000 4e2d
0x0000025A	0x000022A8	0x00003C06	0	-1	10.0	40.0	-1.0	3.0	1.5	1.5	-1	0	0	0	0	1	0	1	1	1	1	0	25600	-32256	-158456325028528675187087900672.0	-158459970695453450553192873984.0	-0.0	-0.0	-0.0	-0.0	-0.000	63	8		 7126 3052 8de1 0020 5c0f
0x0000025B	0x00002300	0x00003C12	0	-1	40.0	0.0	-1.0	3.0	0.5	0.5	-1	0	0	0	0	0	1	1	1	1	1	0	25600	-32256	-158456325028528675187087900672.0	-158459970695453450553192873984.0	-0.0	-0.0	-0.0	-0.0	-0.000	63	8		 7126 3052 8de1 0020 6575 002d 0050 0043 3000 5c0f
0x000002BC	0x00002358	0x00003C28	33031000	-1	0.0	0.0	-1.0	3.0	4.0	4.0	-1	0	0	0	0	1	0	1	1	1	1	1	25600	-32256	-158456325028528675187087900672.0	-158459970695453450553192873984.0	-0.0	-0.0	-0.0	-0.0	-0.000	59	16		 0050 004f 004d 30c6 30b9 30c8
0x00000320	0x000023B0	0x00003C36	43011000	178	-39.0	-5.0	0.0	7.0	2.6	3.3	481	2	0	0	0	1	1	1	1	1	1	0	23040	28160	131072.0	158459989584919382031773728768.0	-0.0	-0.0	-0.0	-0.0	-0.000	63	8		 8840 7cca 6708 306e 843d 3068 3057 5b50 ff08 53f3 8155 ff09 3000 0050 0043 002d 30de 30c3 30d7
0x00000321	0x00002408	0x00003C5E	43011000	179	-39.0	-5.0	0.0	7.0	2.6	3.3	482	2	0	0	0	1	1	1	1	1	1	0	23040	28160	131072.0	158459989584919382031773728768.0	-0.0	-0.0	-0.0	-0.0	-0.000	63	8		 8840 7cca 6708 306e 843d 3068 3057 5b50 ff08 5de6 8155 ff09 3000 0050 0043 002d 30de 30c3 30d7
0x00000322	0x00002460	0x00003C86	43011000	172	-146.0	7.0	-1.5	7.0	2.6	3.3	481	2	0	0	0	1	1	1	1	1	1	0	23040	28160	131072.0	158459989584919382031773728768.0	-0.0	-0.0	-0.0	-0.0	-0.000	63	8		 8840 7cca 6708 306e 843d 3068 3057 5b50 ff08 53f3 65b9 0030 ff09 3000 0050 0043 002d 30de 30c3 30d7
0x00000323	0x000024B8	0x00003CB0	43011000	173	-146.0	7.0	-1.5	7.0	2.6	3.3	481	2	0	0	0	1	1	1	1	1	1	0	23040	28160	131072.0	158459989584919382031773728768.0	-0.0	-0.0	-0.0	-0.0	-0.000	63	8		 8840 7cca 6708 306e 843d 3068 3057 5b50 ff08 53f3 65b9 0031 ff09 3000 0050 0043 002d 30de 30c3 30d7
0x00000324	0x00002510	0x00003CDA	43011000	174	-146.0	7.0	-1.5	7.0	2.6	3.3	483	2	0	0	0	1	1	1	1	1	1	0	23040	28160	131072.0	158459989584919382031773728768.0	-0.0	-0.0	-0.0	-0.0	-0.000	63	8		 8840 7cca 6708 306e 843d 3068 3057 5b50 ff08 5f8c 65b9 0030 ff09 3000 0050 0043 002d 30de 30c3 30d7
0x00000325	0x00002568	0x00003D04	43011000	175	-146.0	7.0	-1.5	7.0	2.6	3.3	483	2	0	0	0	1	1	1	1	1	1	0	23040	28160	131072.0	158459989584919382031773728768.0	-0.0	-0.0	-0.0	-0.0	-0.000	63	8		 8840 7cca 6708 306e 843d 3068 3057 5b50 ff08 5f8c 65b9 0031 ff09 3000 0050 0043 002d 30de 30c3 30d7
0x00000326	0x000025C0	0x00003D2E	43011000	176	-146.0	7.0	-1.5	7.0	2.6	3.3	482	2	0	0	0	1	1	1	1	1	1	0	23040	28160	131072.0	158459989584919382031773728768.0	-0.0	-0.0	-0.0	-0.0	-0.000	63	8		 8840 7cca 6708 306e 843d 3068 3057 5b50 ff08 5de6 65b9 0030 ff09 3000 0050 0043 002d 30de 30c3 30d7
0x00000327	0x00002618	0x00003D58	43011000	177	-146.0	7.0	-1.5	7.0	2.6	3.3	484	2	0	0	0	1	1	1	1	1	1	0	23040	28160	131072.0	158459989584919382031773728768.0	-0.0	-0.0	-0.0	-0.0	-0.000	63	8		 8840 7cca 6708 306e 843d 3068 3057 5b50 ff08 5de6 65b9 0031 ff09 3000 0050 0043 002d 30de 30c3 30d7
0x00000328	0x00002670	0x00003D82	43011000	208	-146.0	7.0	0.0	7.0	2.6	3.3	483	2	0	0	0	1	1	1	1	1	1	0	23040	28160	131072.0	158459989584919382031773728768.0	-0.0	-0.0	-0.0	-0.0	-0.000	63	8		 8840 7cca 6708 306e 843d 3068 3057 5b50 ff08 53f3 8db3 0030 ff09 3000 0050 0043 002d 30de 30c3 30d7
0x00000329	0x000026C8	0x00003DAC	43011000	206	-146.0	7.0	0.0	7.0	2.6	3.3	484	2	0	0	0	1	1	1	1	1	1	0	23040	28160	131072.0	158459989584919382031773728768.0	-0.0	-0.0	-0.0	-0.0	-0.000	63	8		 8840 7cca 6708 306e 843d 3068 3057 5b50 ff08 5de6 8db3 0030 ff09 3000 0050 0043 002d 30de 30c3 30d7
0x0000032A	0x00002720	0x00003DD6	53021102	7	-146.0	180.0	-1.5	4.2	5.0	5.0	480	0	0	0	0	1	1	1	1	1	1	0	23040	28160	131072.0	158459989584919382031773728768.0	-0.0	-0.0	-0.0	-0.0	-0.000	63	8		 8840 7cca 6708 306e 843d 3068 3057 5b50 ff08 982d 0030 ff09 3000 0050 0043 002d 30de 30c3 30d7
0x0000032B	0x00002778	0x00003DFE	53021100	7	-30.0	170.0	0.0	20.0	8.0	8.0	-1	2	0	0	0	1	1	1	1	1	1	0	23040	28160	131072.0	158459989584919382031773728768.0	-0.0	-0.0	-0.0	-0.0	-0.000	63	8		 8840 7cca 6708 306e 843d 3068 3057 5b50 ff08 6b63 9762 7834 58ca 0030 ff09 3000 0050 0043 002d 30de 30c3 30d7
0x0000032C	0x000027D0	0x00003E2C	53021100	7	-30.0	170.0	0.0	20.0	8.0	8.0	-1	2	0	0	0	1	1	1	1	1	1	0	23040	28160	131072.0	158459989584919382031773728768.0	-0.0	-0.0	-0.0	-0.0	-0.000	63	8		 8840 7cca 6708 306e 843d 3068 3057 5b50 ff08 6b63 9762 7834 58ca 0031 ff09 3000 0050 0043 002d 30de 30c3 30d7
0x0000032D	0x00002828	0x00003E5A	43011000	7	-70.0	-2.0	-1.5	20.0	8.0	8.0	-1	2	0	0	0	1	1	1	1	1	1	0	23040	28160	131072.0	158459989584919382031773728768.0	-0.0	-0.0	-0.0	-0.0	-0.000	63	8		 8840 7cca 6708 306e 843d 3068 3057 5b50 ff08 53f3 7834 58ca 0030 ff09 3000 0050 0043 002d 30de 30c3 30d7
0x0000032E	0x00002880	0x00003E86	43011000	7	-70.0	-2.0	-1.5	20.0	8.0	8.0	-1	2	0	0	0	1	1	1	1	1	1	0	23040	28160	131072.0	158459989584919382031773728768.0	-0.0	-0.0	-0.0	-0.0	-0.000	63	8		 8840 7cca 6708 306e 843d 3068 3057 5b50 ff08 53f3 7834 58ca 0031 ff09 3000 0050 0043 002d 30de 30c3 30d7
0x0000032F	0x000028D8	0x00003EB2	43011000	7	-70.0	-2.0	-1.5	20.0	8.0	8.0	-1	2	0	0	0	1	1	1	1	1	1	0	23040	28160	131072.0	158459989584919382031773728768.0	-0.0	-0.0	-0.0	-0.0	-0.000	63	8		 8840 7cca 6708 306e 843d 3068 3057 5b50 ff08 5de6 7834 58ca 0030 ff09 3000 0050 0043 002d 30de 30c3 30d7
0x00000330	0x00002930	0x00003EDE	43011000	7	-70.0	-2.0	-1.5	20.0	8.0	8.0	-1	2	0	0	0	1	1	1	1	1	1	0	23040	28160	131072.0	158459989584919382031773728768.0	-0.0	-0.0	-0.0	-0.0	-0.000	63	8		 8840 7cca 6708 306e 843d 3068 3057 5b50 ff08 5de6 7834 58ca 0031 ff09 3000 0050 0043 002d 30de 30c3 30d7
0x00000331	0x00002988	0x00003F0A	53021102	7	-146.0	180.0	-1.5	4.2	8.0	8.0	-1	0	0	0	0	1	1	1	1	1	1	0	23040	28160	131072.0	158459989584919382031773728768.0	-0.0	-0.0	-0.0	-0.0	-0.000	63	8		 8840 7cca 6708 306e 843d 3068 3057 5b50 ff08 982d 7834 58ca ff09 3000 0050 0043 002d 30de 30c3 30d7
0x0000038F	0x000029E0	0x00003F34	53021100	204	-30.0	170.0	0.0	20.0	9.0	9.0	-1	0	0	0	0	1	1	1	1	1	1	0	23040	28160	131072.0	158459989584919382031773728768.0	-0.0	-0.0	-0.0	-0.0	-0.000	63	8		 306a 308a 305d 3053 306a 3044 306e 90aa 795e ff08 652f 67f1 7834 58ca 0030 ff09 3000 0050 0043 002d 30de 30c3 30d7
0x00000390	0x00002A38	0x00003F64	53021100	204	-30.0	170.0	0.0	20.0	10.0	10.0	-1	0	0	0	0	1	1	1	1	1	1	0	23040	28160	131072.0	158459989584919382031773728768.0	-0.0	-0.0	-0.0	-0.0	-0.000	63	8		 306a 308a 305d 3053 306a 3044 306e 90aa 795e ff08 652f 67f1 7834 58ca 0031 ff09 3000 0050 0043 002d 30de 30c3 30d7
0x00000391	0x00002A90	0x00003F94	53021101	204	-30.0	170.0	0.0	20.0	12.0	12.0	-1	0	0	0	0	1	1	1	1	1	1	0	23040	28160	131072.0	158459989584919382031773728768.0	-0.0	-0.0	-0.0	-0.0	-0.000	63	8		 306a 308a 305d 3053 306a 3044 306e 90aa 795e ff08 652f 67f1 7834 58ca 0032 ff09 3000 0050 0043 002d 30de 30c3 30d7
0x00000392	0x00002AE8	0x00003FC4	53021100	8	-60.0	110.0	-1.5	20.0	9.0	9.0	-1	0	0	0	0	1	1	1	1	1	1	0	23040	28160	0.0	0.0	-0.0	-0.0	-0.0	-0.0	-0.000	63	8		 306a 308a 305d 3053 306a 3044 306e 90aa 795e ff08 53f3 7834 58ca 0030 ff09 3000 0050 0043 002d 30de 30c3 30d7
0x00000393	0x00002B40	0x00003FF2	53021100	8	-60.0	80.0	-1.5	20.0	10.0	10.0	-1	0	0	0	0	1	1	1	1	1	1	0	23040	28160	131072.0	158459989584919382031773728768.0	-0.0	-0.0	-0.0	-0.0	-0.000	63	8		 306a 308a 305d 3053 306a 3044 306e 90aa 795e ff08 53f3 7834 58ca 0031 ff09 3000 0050 0043 002d 30de 30c3 30d7
0x00000394	0x00002B98	0x00004020	53021102	8	-50.0	40.0	-1.5	20.0	8.0	8.0	-1	0	0	0	0	1	1	1	1	1	1	0	23040	28160	0.0	0.0	-0.0	-0.0	-0.0	-0.0	-0.000	63	8		 306a 308a 305d 3053 306a 3044 306e 90aa 795e ff08 53f3 7834 58ca 0032 ff09 3000 0050 0043 002d 30de 30c3 30d7
0x00000395	0x00002BF0	0x0000404E	53021100	8	-70.0	-110.0	-1.5	20.0	9.0	9.0	-1	0	0	0	0	1	1	1	1	1	1	0	23040	28160	0.0	0.0	-0.0	-0.0	-0.0	-0.0	-0.000	63	8		 306a 308a 305d 3053 306a 3044 306e 90aa 795e ff08 5de6 7834 58ca 0030 ff09 3000 0050 0043 002d 30de 30c3 30d7
0x00000396	0x00002C48	0x0000407C	53021100	8	-70.0	-70.0	-1.5	20.0	10.0	10.0	-1	0	0	0	0	1	1	1	1	1	1	0	23040	28160	131072.0	158459989584919382031773728768.0	-0.0	-0.0	-0.0	-0.0	-0.000	63	8		 306a 308a 305d 3053 306a 3044 306e 90aa 795e ff08 5de6 7834 58ca 0031 ff09 3000 0050 0043 002d 30de 30c3 30d7
0x00000397	0x00002CA0	0x000040AA	53021102	8	-50.0	-40.0	-1.5	20.0	8.0	8.0	-1	0	0	0	0	1	1	1	1	1	1	0	23040	28160	0.0	0.0	-0.0	-0.0	-0.0	-0.0	-0.000	63	8		 306a 308a 305d 3053 306a 3044 306e 90aa 795e ff08 5de6 7834 58ca 0032 ff09 3000 0050 0043 002d 30de 30c3 30d7
0x00000398	0x00002CF8	0x000040D8	53021100	8	-90.0	0.0	0.0	20.0	10.0	10.0	-1	0	0	0	0	1	1	1	1	1	1	0	25600	25600	0.0	0.0	-0.0	-0.0	-0.0	-0.0	-0.000	63	8		 306a 308a 305d 3053 306a 3044 306e 90aa 795e ff08 982d 7834 58ca 0030 ff09 3000 0050 0043 002d 30de 30c3 30d7
0x00000399	0x00002D50	0x00004106	53021100	8	-70.0	0.0	0.0	20.0	12.0	12.0	-1	0	0	0	0	1	1	1	1	1	1	0	25600	25600	-0.0	-0.0	-0.0	-0.0	-0.0	-0.0	-0.000	63	8		 306a 308a 305d 3053 306a 3044 306e 90aa 795e ff08 982d 7834 58ca 0031 ff09 3000 0050 0043 002d 30de 30c3 30d7
0x0000039A	0x00002DA8	0x00004134	53021101	8	-90.0	0.0	0.0	20.0	12.0	12.0	-1	0	0	0	0	1	1	0	0	0	1	0	25600	25600	0.0	0.0	-0.0	-0.0	-0.0	-0.0	-0.000	63	8		 306a 308a 305d 3053 306a 3044 306e 90aa 795e ff08 982d 7834 58ca 0032 ff09 3000 0050 0043 002d 30de 30c3 30d7
0x000003E8	0x00002E00	0x00004162	33021100	203	-90.0	0.0	-0.5	8.0	2.0	2.0	-1	0	0	0	0	1	0	0	0	0	1	0	23040	28160	0.0	0.0	-0.0	-0.0	-0.0	-0.0	-0.000	63	8		 30d1 30ea 30a3 6295 3052 005f 80f4 0031 005f 8840 3000 30de 30c3 30d7
0x000003E9	0x00002E58	0x00004180	33021101	203	-90.0	0.0	-0.5	8.0	2.0	2.0	-1	0	0	0	0	1	0	0	0	0	1	0	23040	28160	0.0	0.0	-0.0	-0.0	-0.0	-0.0	-0.000	63	8		 30d1 30ea 30a3 6295 3052 005f 80f4 0032 005f 8840 3000 30de 30c3 30d7
0x000003EA	0x00002EB0	0x0000419E	33021102	210	-45.0	90.0	0.0	8.0	4.0	4.0	-1	0	0	0	0	1	0	0	0	0	1	0	23040	28160	0.0	0.0	-0.0	-0.0	-0.0	-0.0	-0.000	63	8		 30d1 30ea 30a3 6295 3052 005f 80f4 0033 005f 8840 3000 30de 30c3 30d7
0x000003EB	0x00002F08	0x000041BC	33021101	90	-120.0	0.0	-0.1	8.0	2.0	2.0	-1	0	0	0	0	0	1	1	1	1	1	0	23040	28160	0.0	0.0	-0.0	-0.0	-0.0	-0.0	-0.000	63	8		 30d1 30ea 30a3 6295 3052 005f 80f4 0034 005f 8840 0020 30ad 30e3 30e9
0x000003EC	0x00002F60	0x000041DA	33021100	107	-120.0	0.0	-0.1	8.0	4.0	4.0	-1	0	0	0	0	1	1	1	1	1	1	0	23040	28160	0.0	0.0	-0.0	-0.0	-0.0	-0.0	-0.000	63	8		 30d1 30ea 30a3 6295 3052 005f 9854 0031 005f 8840 3000 30ad 30e3 30e9 002c 30de 30c3 30d7
0x000003ED	0x00002FB8	0x00004200	33021102	210	-67.5	-90.0	0.0	8.0	4.0	4.0	-1	0	0	0	0	1	0	0	0	0	1	0	23040	28160	0.0	0.0	-0.0	-0.0	-0.0	-0.0	-0.000	63	8		 80cc 9762 6295 3052 ff08 0031 0030 0030 0032 306e 5de6 53f3 53cd 8ee2 7248 ff09 3000 30de 30c3 30d7
0x000003F2	0x00003010	0x0000422A	43011002	203	-90.0	0.0	-0.5	8.0	2.0	2.0	-1	0	0	0	0	1	0	0	0	0	1	0	23040	28160	0.0	0.0	-0.0	-0.0	-0.0	-0.0	-0.000	63	8		 30d1 30ea 30a3 6295 3052 005f 80f4 0031 005f 7c98 6db2 3000 30de 30c3 30d7
0x000003F3	0x00003068	0x0000424A	43011002	203	-90.0	0.0	-0.5	8.0	2.0	2.0	-1	0	0	0	0	1	0	0	0	0	1	0	23040	28160	0.0	0.0	-0.0	-0.0	-0.0	-0.0	-0.000	63	8		 30d1 30ea 30a3 6295 3052 005f 80f4 0032 005f 7c98 6db2 3000 30de 30c3 30d7
0x000003F4	0x000030C0	0x0000426A	43011002	210	-45.0	90.0	0.0	8.0	4.0	4.0	-1	0	0	0	0	1	0	0	0	0	1	0	23040	28160	0.0	0.0	-0.0	-0.0	-0.0	-0.0	-0.000	63	8		 30d1 30ea 30a3 6295 3052 005f 80f4 0033 005f 7c98 6db2 3000 30de 30c3 30d7
0x000003F5	0x00003118	0x0000428A	43011002	90	-120.0	0.0	-0.1	8.0	2.0	2.0	-1	0	0	0	0	0	1	1	1	1	1	0	23040	28160	0.0	0.0	-0.0	-0.0	-0.0	-0.0	-0.000	63	8		 30d1 30ea 30a3 6295 3052 005f 80f4 0034 005f 7c98 6db2 0020 30ad 30e3 30e9
0x000003F6	0x00003170	0x000042AA	43011002	107	-120.0	0.0	-0.1	8.0	4.0	4.0	-1	0	0	0	0	1	1	1	1	1	1	0	23040	28160	0.0	0.0	-0.0	-0.0	-0.0	-0.0	-0.000	63	8		 30d1 30ea 30a3 6295 3052 005f 9854 0031 005f 7c98 6db2 3000 30ad 30e3 30e9 002c 30de 30c3 30d7
0x000003F7	0x000031C8	0x000042D2	43011002	210	-67.5	-90.0	0.0	8.0	4.0	4.0	-1	0	0	0	0	1	0	0	0	0	1	0	23040	28160	0.0	0.0	-0.0	-0.0	-0.0	-0.0	-0.000	63	8		 80cc 9762 6295 3052 ff08 0031 0030 0031 0032 306e 5de6 53f3 53cd 8ee2 7248 ff09 3000 30de 30c3 30d7
0x0000044C	0x00003220	0x000042FC	11011000	203	-90.0	0.0	-1.0	2.0	2.0	2.0	-1	0	0	0	0	1	1	0	1	0	1	0	23040	28160	0.0	0.0	-0.0	-0.0	-0.0	-0.0	-0.000	63	8		 8840 8210 3081 ff08 5c0f ff09 005f 8840 888b 7834 88c2 005f 4e0a 3000 0050 0043 002d 30de 30c3 30d7
0x0000044D	0x00003278	0x00004326	33021100	5	-90.0	0.0	-1.0	2.0	2.0	2.0	-1	0	0	0	0	1	1	0	1	0	1	0	23040	28160	0.0	0.0	-0.0	-0.0	-0.0	-0.0	-0.000	63	8		 8840 8210 3081 ff08 5c0f ff09 005f 8840 888b 7834 88c2 005f 4e0b 3000 0050 0043 002d 30de 30c3 30d7
0x0000044E	0x000032D0	0x00004350	11011000	203	-90.0	0.0	-1.0	3.5	3.5	3.5	-1	0	0	0	0	1	1	0	1	0	1	0	23040	28160	0.0	0.0	-0.0	-0.0	-0.0	-0.0	-0.000	63	8		 8840 8210 3081 ff08 4e2d ff09 005f 8840 888b 7834 88c2 005f 4e0a 3000 0050 0043 002d 30de 30c3 30d7
0x0000044F	0x00003328	0x0000437A	33021100	5	-90.0	0.0	-1.0	3.5	3.5	3.5	-1	0	0	0	0	1	1	0	1	0	1	0	23040	28160	0.0	0.0	-0.0	-0.0	-0.0	-0.0	-0.000	63	8		 8840 8210 3081 ff08 4e2d ff09 005f 8840 888b 7834 88c2 005f 4e0b 3000 0050 0043 002d 30de 30c3 30d7
0x00000450	0x00003380	0x000043A4	11011000	203	-90.0	0.0	-1.0	5.5	5.5	5.5	-1	0	0	0	0	1	1	0	1	0	1	0	23040	28160	0.0	0.0	-0.0	-0.0	-0.0	-0.0	-0.000	63	8		 8840 8210 3081 ff08 5927 ff09 005f 8840 888b 7834 88c2 005f 4e0a 3000 0050 0043 002d 30de 30c3 30d7
0x00000451	0x000033D8	0x000043CE	11011000	5	-90.0	0.0	-1.0	5.5	5.5	5.5	-1	0	0	0	0	1	1	0	1	0	1	0	23040	28160	0.0	0.0	-0.0	-0.0	-0.0	-0.0	-0.000	63	8		 8840 8210 3081 ff08 5927 ff09 005f 8840 888b 7834 88c2 005f 4e0b 3000 0050 0043 002d 30de 30c3 30d7
0x00000452	0x00003430	0x000043F8	11011000	203	-90.0	0.0	-1.0	8.5	8.5	8.5	-1	0	0	0	0	1	1	0	1	0	1	0	23040	28160	0.0	0.0	-0.0	-0.0	-0.0	-0.0	-0.000	63	8		 8840 8210 3081 ff08 7279 5927 ff09 005f 8840 888b 7834 88c2 005f 4e0a 3000 0050 0043 002d 30de 30c3 30d7
0x00000453	0x00003488	0x00004424	11011000	5	-90.0	0.0	-1.0	8.5	8.5	8.5	-1	0	0	0	0	1	1	0	1	0	1	0	23040	28160	0.0	0.0	-0.0	-0.0	-0.0	-0.0	-0.000	63	8		 8840 8210 3081 ff08 7279 5927 ff09 005f 8840 888b 7834 88c2 005f 4e0b 3000 0050 0043 002d 30de 30c3 30d7
0x000004B0	0x000034E0	0x00004450	34011000	203	130.0	0.0	-2.5	5.5	5.5	5.5	-1	0	0	0	0	0	1	0	1	0	1	0	23040	28160	0.0	0.0	-0.0	-0.0	-0.0	-0.0	-0.000	63	8		 751f 8d04 306e 8857 005f 8840 3057 3076 304d 6cb8 304d 4e0a 5411 304d 3000 30ad 30e3 30e9
0x000004B1	0x00003538	0x00004476	34011000	203	-90.0	0.0	-2.5	10.0	5.5	5.5	-1	0	0	0	0	1	1	0	1	0	1	0	23040	28160	0.0	0.0	-0.0	-0.0	-0.0	-0.0	-0.000	63	8		 751f 8d04 306e 8857 005f 8840 3057 3076 304d 6cb8 304d 4e0b 5411 304d 3000 30ad 30e3 30e9 3001 30de 30c3 30d7
0x000004B2	0x00003590	0x000044A4	34011001	203	-90.0	0.0	-0.5	8.0	2.0	2.0	-1	0	0	0	0	1	0	0	0	0	1	0	23040	28160	0.0	0.0	-0.0	-0.0	-0.0	-0.0	-0.000	63	8		 751f 8d04 306e 8857 005f 8840 3057 3076 304d 6cb8 304d 4e0b 5411 304d 0028 5927 0029 3000 30de 30c3 30d7
0x00000514	0x000035E8	0x000044D0	11011000	45	-90.0	0.0	-2.5	2.5	5.0	5.0	-1	0	0	0	0	0	1	0	1	0	1	0	23040	28160	0.0	0.0	-0.0	-0.0	-0.0	-0.0	-0.000	63	8		 90aa 795e 005f 8155 3092 5f15 304d 629c 304f 3000 30ad 30e3 30e9
0x00000515	0x00003640	0x000044EC	11011000	75	-90.0	0.0	-2.5	2.5	5.0	5.0	-1	0	0	0	0	0	1	0	1	0	1	0	23040	28160	0.0	0.0	-0.0	-0.0	-0.0	-0.0	-0.000	63	8		 90aa 795e 005f 8155 3092 5f15 304d 629c 304f 3000 30ad 30e3 30e9
