infoStartAddr:	0x8860
numEntries:	0x108	264
title:	EQUIP_PARAM_GOODS_ST
paramStartAddr:	0x00001900
entryID   	paramAddr 	infoAddr  	refId	sfxVariationId	weight	fragmentNum	sellValue	behaviorId	replaceItemId	sortId	qwcId	yesNoDialogMessageId	magicId	iconId	modelId	shopLv	compTrophySedId	trophySeqId	maxNum	consumeHeroPoint	overDexterity	goodsType	refCategory	spEffectCategory	goodsCategory	goodsUseAnim	opmeMenuType	useLimitCategory	replaceCategory	vowType0:1	vowType1:1	vowType2:1	vowType3:1	vowType4:1	vowType5:1	vowType6:1	vowType7:1	vowType8:1	vowType9:1	vowType10:1	vowType11:1	vowType12:1	vowType13:1	vowType14:1	vowType15:1	enable_live:1	enable_gray:1	enable_white:1	enable_black:1	enable_multi:1	disable_offline:1	isEquip:1	isConsume:1	isAutoEquip:1	isEstablishment:1	isOnlyOne:1	isDrop:1	isDeposit:1	isDisableHand:1	IsTravelItem:1	isSuppleItem:1	isFullSuppleItem:1	isEnhance:1	isFixItem:1	disableMultiDropShare:1	disableUseAtColiseum:1	disableUseAtOutOfColiseum:1	useBulletMaxNum:1	useHpCureMaxNum:1	isAutoReplenish:1	canMultiUse:1	isEnchantLeftHand:1	isGuestDrop:1	isApplySpecialEffect:1	pad0:3	maxRepositoryNum	properStrength	properAgility	properMagic	properFaith	pad[2]	vagrantItemLotId	vagrantBonusEneDropItemLotId	vagrantItemEneDropItemLotId	refVirtualWepId	bulletConsumeNum	useLimitCategory2	pad1[2]	replaceItemId_bySpEffect	replaceTriggerSpEffectId
0x00000001	0x00001900	0x00008860	9000	60	0	0	-1	0	-1	40	-1	0	-1	0	0	-1	-1	-1	1	0	50	0	2	0	0	14	0	0	0	1	1	1	1	1	1	1	1	1	1	1	1	1	1	1	1	1	1	0	0	1	1	1	0	0	0	1	0	1	0	0	0	0	0	0	0	1	0	0	0	0	0	0	0	0		0	0	0	0	0		-1	-1	-1	16000	0	0		2	9000	 30a2 30a4 30c6 30e0 5207 66ff 30c6 30b9 30c8 0041
0x00000002	0x0000196C	0x00008876	9005	60	0	0	-1	0	-1	40	-1	0	-1	0	0	-1	-1	-1	1	0	50	0	2	0	0	15	0	0	0	1	1	1	1	1	1	1	1	1	1	1	1	1	1	1	1	1	1	0	0	1	1	1	0	0	0	1	0	1	0	0	0	0	0	0	0	1	0	0	0	0	0	0	0	0		0	0	0	0	0		-1	-1	-1	16000	0	0		1	9005	 30a2 30a4 30c6 30e0 5207 66ff 30c6 30b9 30c8 0062
0x00000064	0x000019D8	0x0000888C	2100	0	0	0	-1	0	-1	240060	-1	10010711	-1	11	0	-1	-1	-1	1	0	50	0	2	0	0	16	1	0	0	1	1	1	1	1	1	1	1	1	1	1	1	1	1	1	1	1	1	0	0	0	0	1	0	0	0	1	0	0	0	0	0	0	0	0	1	1	0	0	0	0	0	0	0	0		0	0	0	0	0		-1	-1	-1	16000	0	0		-1	-1	 30c0 30fc 30af 30ea 30f3 30b0
0x0000006F	0x00001A44	0x0000889A	7	0	0	0	-1	0	-1	240050	-1	20000432	-1	9	0	-1	-1	-1	1	0	50	0	2	0	0	15	4	0	0	1	1	1	1	1	1	1	1	1	1	1	1	1	1	1	1	1	1	1	1	1	1	1	0	0	0	1	0	0	0	0	0	0	0	0	1	1	0	0	0	0	0	0	0	0		0	0	0	0	0		-1	-1	-1	16000	0	0		-1	-1	 5225 308c 306e 7a7a 7832
0x00000078	0x00001AB0	0x000088A6	-1	0	0	0	-1	0	-1	240070	-1	0	-1	10	0	-1	-1	-1	1	0	50	0	0	0	0	8	6	0	0	1	1	1	1	1	1	1	1	1	1	1	1	1	1	1	1	1	1	1	1	1	1	1	0	0	0	1	0	0	0	0	0	0	0	0	1	1	0	0	0	0	0	0	0	0		0	0	0	0	0		-1	-1	-1	16000	0	0		-1	-1	 547c 3073 9234
0x00000082	0x00001B1C	0x000088AE	-1	-1	0	0	-1	0	-1	240010	-1	10010853	-1	188	0	-1	-1	-1	1	0	50	0	0	0	0	27	8	0	0	1	1	1	1	1	1	1	1	1	1	1	1	1	1	1	1	1	1	1	1	1	1	1	0	0	0	1	0	0	0	0	0	0	0	0	1	1	0	0	0	0	0	0	0	0		0	0	0	0	0		-1	-1	-1	16000	0	0		-1	-1	 8840 65cf 30e9 30f3 30ad 30f3 30b0 89b3 89a7 30a2 30a4 30c6 30e0
0x000000C8	0x00001B88	0x000088CA	9000	60	0	0	-1	0	-1	240020	-1	0	-1	3	0	-1	-1	-1	1	1	50	0	2	0	0	14	0	0	0	1	1	1	1	1	1	1	1	1	1	1	1	1	1	1	1	1	1	0	0	1	1	1	0	0	0	1	0	0	0	0	0	0	0	0	1	1	0	0	0	0	0	0	0	0		0	0	0	0	0		-1	-1	-1	16000	0	0		201	9000	 901a 5e38 5354 529b 8981 8acb
0x000000C9	0x00001BF4	0x000088D8	-1	60	0	0	-1	0	-1	240021	-1	0	-1	3	0	-1	-1	-1	1	1	50	0	0	0	0	14	0	0	0	1	1	1	1	1	1	1	1	1	1	1	1	1	1	1	1	0	0	0	0	0	1	1	0	0	0	1	0	0	0	0	0	0	0	0	1	1	0	0	0	0	0	0	0	0		0	0	0	0	0		-1	-1	-1	16000	0	0		200	9905	 901a 5e38 5354 529b 8981 8acb 005f 4f7f 7528 4e0d 53ef
0x000000CD	0x00001C60	0x000088F0	9005	61	0	0	-1	0	-1	240030	-1	0	-1	5	0	-1	-1	-1	1	0	50	0	2	0	0	14	0	0	0	1	1	1	1	1	1	1	1	1	1	1	1	1	1	1	1	1	1	0	0	0	1	1	0	0	0	1	0	0	0	0	0	0	0	0	1	1	0	0	0	0	0	0	0	0		0	0	0	0	0		-1	-1	-1	16000	0	0		206	9005	 901a 5e38 5354 529b 5e0c 671b
0x000000CE	0x00001CCC	0x000088FE	-1	61	0	0	-1	0	-1	240031	-1	0	-1	5	0	-1	-1	-1	1	0	50	0	0	0	0	14	0	0	0	1	1	1	1	1	1	1	1	1	1	1	1	1	1	1	1	0	0	0	0	0	1	1	0	0	0	1	0	0	0	0	0	0	0	0	1	1	0	0	0	0	0	0	0	0		0	0	0	0	0		-1	-1	-1	16000	0	0		205	9905	 901a 5e38 5354 529b 5e0c 671b 005f 4f7f 7528 4e0d 53ef
0x000000E1	0x00001D38	0x00008916	9025	62	0	0	-1	0	-1	240040	-1	0	-1	7	0	-1	-1	-1	1	1	50	0	2	0	0	14	0	0	0	1	1	1	1	1	1	1	1	1	1	1	1	1	1	1	1	1	1	0	0	0	1	1	0	0	0	1	0	0	0	0	0	0	0	0	1	1	0	0	0	0	0	0	0	0		0	0	0	0	0		-1	-1	-1	16000	0	0		226	9025	 901a 5e38 4fb5 5165 5e0c 671b
0x000000E2	0x00001DA4	0x00008924	-1	62	0	0	-1	0	-1	240041	-1	0	-1	7	0	-1	-1	-1	1	1	50	0	0	0	0	14	0	0	0	1	1	1	1	1	1	1	1	1	1	1	1	1	1	1	1	0	0	0	0	0	1	1	0	0	0	1	0	0	0	0	0	0	0	0	1	1	0	0	0	0	0	0	0	0		0	0	0	0	0		-1	-1	-1	16000	0	0		225	9905	 901a 5e38 4fb5 5165 5e0c 671b 005f 4f7f 7528 4e0d 53ef
0x000002BC	0x00001E10	0x0000893C	400	0	0	0	-1	0	-1	90030	-1	0	-1	138	0	-1	-1	-1	1	0	50	0	1	0	0	27	0	0	0	1	1	1	1	1	1	1	1	1	1	1	1	1	1	1	1	1	1	1	1	1	0	1	0	0	0	1	0	1	0	0	0	0	0	0	1	0	0	0	0	0	0	0	0	0		99	0	0	0	0		-1	-1	-1	16000	0	0		-1	-1	 30ac 30b9 30b3 30a4 30f3 306e 30aa 30eb 30b4 30fc 30eb
0x000002BD	0x00001E7C	0x00008954	3030	76	0	0	-1	0	-1	20020	-1	0	-1	73	0	-1	-1	-1	1	0	50	0	2	0	0	28	0	2	0	1	1	1	1	1	1	1	1	1	1	1	1	1	1	1	1	1	1	1	1	1	0	1	1	0	0	1	1	0	0	0	0	0	0	0	1	0	0	0	0	0	0	0	0	0		0	0	0	0	0		-1	-1	-1	16000	0	3		-1	-1	 5a3c 5a66 306e 8840
0x000002BE	0x00001EE8	0x0000895E	3060	56	0	0	-1	0	-1	20030	-1	0	-1	74	0	-1	-1	-1	1	0	50	0	2	0	0	28	0	2	0	1	1	1	1	1	1	1	1	1	1	1	1	1	1	1	1	1	1	1	1	1	0	1	1	0	0	1	1	0	0	0	0	0	0	0	1	0	0	0	0	0	0	0	0	0		0	0	0	0	0		-1	-1	-1	16000	0	3		-1	-1	 56da 308f 308c 306e 5c3c 50e7 306e 8840
0x000002BF	0x00001F54	0x00008970	3020	75	0	0	-1	0	-1	20010	-1	0	-1	75	0	-1	-1	-1	1	0	50	0	2	0	0	28	0	3	0	1	1	1	1	1	1	1	1	1	1	1	1	1	1	1	1	1	1	1	1	1	0	1	1	0	0	1	1	0	0	0	0	0	0	0	1	0	0	0	0	0	0	0	0	0		0	0	0	0	0		-1	-1	-1	16000	0	0		-1	-1	 5973 533b 306e 85ac
0x000002C0	0x00001FC0	0x0000897A	2160	97	0	0	-1	0	-1	110070	-1	0	-1	190	0	-1	-1	-1	99	0	50	0	2	0	0	9	0	0	0	1	1	1	1	1	1	1	1	1	1	1	1	1	1	1	1	1	1	1	1	1	0	1	1	0	0	0	1	1	0	0	0	0	0	0	1	0	0	0	0	0	1	0	0	0		99	0	0	0	0		-1	-1	-1	16000	0	0		-1	-1	 8840 6fe1 308c 306e 8d64 5b50
0x000002C1	0x0000202C	0x00008988	3030	76	0	0	-1	0	-1	20021	-1	0	-1	183	0	-1	-1	-1	1	0	50	0	2	0	0	28	0	2	0	1	1	1	1	1	1	1	1	1	1	1	1	1	1	1	1	1	1	1	1	1	0	1	1	0	0	1	1	0	0	0	0	0	0	0	1	0	0	0	0	0	0	0	0	0		0	0	0	0	0		-1	-1	-1	16000	0	3		-1	-1	 5973 738b 306e 8840
0x00000320	0x00002098	0x00008992	-1	0	0	0	-1	0	-1	500010	-1	0	-1	5000	0	-1	-1	-1	1	0	50	0	0	0	0	0	0	0	0	1	1	1	1	1	1	1	1	1	1	1	1	1	1	1	1	1	1	1	1	1	0	0	0	0	0	1	0	0	0	0	0	0	0	0	1	0	0	0	0	0	0	0	0	0		0	0	0	0	0		-1	-1	-1	16000	0	0		-1	-1	 524d 3092 3055 3059
0x00000321	0x00002104	0x0000899C	-1	0	0	0	-1	0	-1	500050	-1	0	-1	5001	0	-1	-1	-1	1	0	50	0	0	0	0	0	0	0	0	1	1	1	1	1	1	1	1	1	1	1	1	1	1	1	1	1	1	1	1	1	0	0	0	0	0	1	0	0	0	0	0	0	0	0	1	0	0	0	0	0	0	0	0	0		0	0	0	0	0		-1	-1	-1	16000	0	0		-1	-1	 4e00 793c ff08 7537 ff0f 8efd 3044 ff09
0x00000322	0x00002170	0x000089AE	-1	0	0	0	-1	0	-1	500160	-1	0	-1	5002	0	-1	-1	-1	1	0	50	0	0	0	0	0	0	0	0	1	1	1	1	1	1	1	1	1	1	1	1	1	1	1	1	1	1	1	1	1	0	0	0	0	0	1	0	0	0	0	0	0	0	0	1	0	0	0	0	0	0	0	0	0		0	0	0	0	0		-1	-1	-1	16000	0	0		-1	-1	 3055 3042 3001 884c 3053 3046
0x00000323	0x000021DC	0x000089BC	-1	0	0	0	-1	0	-1	500130	-1	0	-1	5003	0	-1	-1	-1	1	0	50	0	0	0	0	0	0	0	0	1	1	1	1	1	1	1	1	1	1	1	1	1	1	1	1	1	1	1	1	1	0	0	0	0	0	1	0	0	0	0	0	0	0	0	1	0	0	0	0	0	0	0	0	0		0	0	0	0	0		-1	-1	-1	16000	0	0		-1	-1	 6b53 559c
0x00000324	0x00002248	0x000089C2	-1	0	0	0	-1	0	-1	500180	-1	0	-1	5004	0	-1	-1	-1	1	0	50	0	0	0	0	0	0	0	0	1	1	1	1	1	1	1	1	1	1	1	1	1	1	1	1	1	1	1	1	1	0	0	0	0	0	1	0	0	0	0	0	0	0	0	1	0	0	0	0	0	0	0	0	0		0	0	0	0	0		-1	-1	-1	16000	0	0		-1	-1	 30de 30f3 30c8 3092 3072 308b 304c 3048 3059
0x00000325	0x000022B4	0x000089D6	-1	0	0	0	-1	0	-1	500060	-1	0	-1	5005	0	-1	-1	-1	1	0	50	0	0	0	0	0	0	0	0	1	1	1	1	1	1	1	1	1	1	1	1	1	1	1	1	1	1	1	1	1	0	0	0	0	0	1	0	0	0	0	0	0	0	0	1	0	0	0	0	0	0	0	0	0		0	0	0	0	0		-1	-1	-1	16000	0	0		-1	-1	 4e00 793c ff08 7537 ff0f 4e01 5be7 ff09
0x00000326	0x00002320	0x000089E8	-1	0	0	0	-1	0	-1	500080	-1	0	-1	5006	0	-1	-1	-1	1	0	50	0	0	0	0	0	0	0	0	1	1	1	1	1	1	1	1	1	1	1	1	1	1	1	1	1	1	1	1	1	0	0	0	0	0	1	0	0	0	0	0	0	0	0	1	0	0	0	0	0	0	0	0	0		0	0	0	0	0		-1	-1	-1	16000	0	0		-1	-1	 4e00 793c ff08 5973 ff0f 8efd 3044 ff09
0x00000327	0x0000238C	0x000089FA	-1	0	0	0	-1	0	-1	500070	-1	0	-1	5007	0	-1	-1	-1	1	0	50	0	0	0	0	0	0	0	0	1	1	1	1	1	1	1	1	1	1	1	1	1	1	1	1	1	1	1	1	1	0	0	0	0	0	1	0	0	0	0	0	0	0	0	1	0	0	0	0	0	0	0	0	0		0	0	0	0	0		-1	-1	-1	16000	0	0		-1	-1	 4e00 793c ff08 5973 ff0f 4e01 5be7 ff09
0x00000328	0x000023F8	0x00008A0C	-1	0	0	0	-1	0	-1	500020	-1	0	-1	5008	0	-1	-1	-1	1	0	50	0	0	0	0	0	0	0	0	1	1	1	1	1	1	1	1	1	1	1	1	1	1	1	1	1	1	1	1	1	0	0	0	0	0	1	0	0	0	0	0	0	0	0	1	0	0	0	0	0	0	0	0	0		0	0	0	0	0		-1	-1	-1	16000	0	0		-1	-1	 624b 3092 632f 308b
0x00000329	0x00002464	0x00008A16	-1	0	0	0	-1	0	-1	500210	-1	0	-1	5009	0	-1	-1	-1	1	0	50	0	0	0	0	0	0	0	0	1	1	1	1	1	1	1	1	1	1	1	1	1	1	1	1	1	1	1	1	1	0	0	0	0	0	1	0	0	0	0	0	0	0	0	1	0	0	0	0	0	0	0	0	0		0	0	0	0	0		-1	-1	-1	16000	0	0		-1	-1	 7948 308b
0x0000032A	0x000024D0	0x00008A1C	-1	0	0	0	-1	0	-1	500030	-1	0	-1	5010	0	-1	-1	-1	1	0	50	0	0	0	0	0	0	0	0	1	1	1	1	1	1	1	1	1	1	1	1	1	1	1	1	1	1	1	1	1	0	0	0	0	0	1	0	0	0	0	0	0	0	0	1	0	0	0	0	0	0	0	0	0		0	0	0	0	0		-1	-1	-1	16000	0	0		-1	-1	 5f85 3066 ff01
0x0000032B	0x0000253C	0x00008A24	-1	0	0	0	-1	0	-1	500040	-1	0	-1	5011	0	-1	-1	-1	1	0	50	0	0	0	0	0	0	0	0	1	1	1	1	1	1	1	1	1	1	1	1	1	1	1	1	1	1	1	1	1	0	0	0	0	0	1	0	0	0	0	0	0	0	0	1	0	0	0	0	0	0	0	0	0		0	0	0	0	0		-1	-1	-1	16000	0	0		-1	-1	 9759 304b 306b
0x0000032C	0x000025A8	0x00008A2C	-1	0	0	0	-1	0	-1	500110	-1	0	-1	5012	0	-1	-1	-1	1	0	50	0	0	0	0	0	0	0	0	1	1	1	1	1	1	1	1	1	1	1	1	1	1	1	1	1	1	1	1	1	0	0	0	0	0	1	0	0	0	0	0	0	0	0	1	0	0	0	0	0	0	0	0	0		0	0	0	0	0		-1	-1	-1	16000	0	0		-1	-1	 30a8 30a4 30a8 30a4 30aa 30fc
0x0000032D	0x00002614	0x00008A3A	-1	0	0	0	-1	0	-1	500140	-1	0	-1	5013	0	-1	-1	-1	1	0	50	0	0	0	0	0	0	0	0	1	1	1	1	1	1	1	1	1	1	1	1	1	1	1	1	1	1	1	1	1	0	0	0	0	0	1	0	0	0	0	0	0	0	0	1	0	0	0	0	0	0	0	0	0		0	0	0	0	0		-1	-1	-1	16000	0	0		-1	-1	 30ac 30c3 30c4 30dd 30fc 30ba
0x0000032E	0x00002680	0x00008A48	-1	0	0	0	-1	0	-1	500120	-1	0	-1	5014	0	-1	-1	-1	1	0	50	0	0	0	0	0	0	0	0	1	1	1	1	1	1	1	1	1	1	1	1	1	1	1	1	1	1	1	1	1	0	0	0	0	0	1	0	0	0	0	0	0	0	0	1	0	0	0	0	0	0	0	0	0		0	0	0	0	0		-1	-1	-1	16000	0	0		-1	-1	 8cde 8cdb 3059 308b
0x0000032F	0x000026EC	0x00008A52	-1	0	0	0	-1	0	-1	500150	-1	0	-1	5015	0	-1	-1	-1	1	0	50	0	0	0	0	0	0	0	0	1	1	1	1	1	1	1	1	1	1	1	1	1	1	1	1	1	1	1	1	1	0	0	0	0	0	1	0	0	0	0	0	0	0	0	1	0	0	0	0	0	0	0	0	0		0	0	0	0	0		-1	-1	-1	16000	0	0		-1	-1	 96c4 53eb 3073
0x00000330	0x00002758	0x00008A5A	-1	0	0	0	-1	0	-1	500200	-1	0	-1	5016	0	-1	-1	-1	1	0	50	0	0	0	0	0	0	0	0	1	1	1	1	1	1	1	1	1	1	1	1	1	1	1	1	1	1	1	1	1	0	0	0	0	0	1	0	0	0	0	0	0	0	0	1	0	0	0	0	0	0	0	0	0		0	0	0	0	0		-1	-1	-1	16000	0	0		-1	-1	 547d 4e5e 3044
0x00000331	0x000027C4	0x00008A62	-1	0	0	0	-1	0	-1	500170	-1	0	-1	5017	0	-1	-1	-1	1	0	50	0	0	0	0	0	0	0	0	1	1	1	1	1	1	1	1	1	1	1	1	1	1	1	1	1	1	1	1	1	0	0	0	0	0	1	0	0	0	0	0	0	0	0	1	0	0	0	0	0	0	0	0	0		0	0	0	0	0		-1	-1	-1	16000	0	0		-1	-1	 307b 3053 308a 3092 306f 3089 3046
0x00000332	0x00002830	0x00008A72	-1	0	0	0	-1	0	-1	500090	-1	0	-1	5018	0	-1	-1	-1	1	0	50	0	0	0	0	0	0	0	0	1	1	1	1	1	1	1	1	1	1	1	1	1	1	1	1	1	1	1	1	1	0	0	0	0	0	1	0	0	0	0	0	0	0	0	1	0	0	0	0	0	0	0	0	0		0	0	0	0	0		-1	-1	-1	16000	0	0		-1	-1	 5b97 6559 0041 ff08 7c21 6613 ff09
0x00000333	0x0000289C	0x00008A82	-1	0	0	0	-1	0	-1	500100	-1	0	-1	5019	0	-1	-1	-1	1	0	50	0	0	0	0	0	0	0	0	1	1	1	1	1	1	1	1	1	1	1	1	1	1	1	1	1	1	1	1	1	0	0	0	0	0	1	0	0	0	0	0	0	0	0	1	0	0	0	0	0	0	0	0	0		0	0	0	0	0		-1	-1	-1	16000	0	0		-1	-1	 5b97 6559 0041 ff08 4e01 5be7 ff09
0x00000334	0x00002908	0x00008A92	-1	0	0	0	-1	0	-1	500220	-1	0	-1	5020	0	-1	-1	-1	1	0	50	0	0	0	0	0	0	0	0	1	1	1	1	1	1	1	1	1	1	1	1	1	1	1	1	1	1	1	1	1	0	0	0	0	0	1	0	0	0	0	0	0	0	0	1	0	0	0	0	0	0	0	0	0		0	0	0	0	0		-1	-1	-1	16000	0	0		-1	-1	 5b97 6559 0042
0x00000335	0x00002974	0x00008A9A	-1	0	0	0	-1	0	-1	500190	-1	0	-1	5021	0	-1	-1	-1	1	0	50	0	0	0	0	0	0	0	0	1	1	1	1	1	1	1	1	1	1	1	1	1	1	1	1	1	1	1	1	1	0	0	0	0	0	1	0	0	0	0	0	0	0	0	1	0	0	0	0	0	0	0	0	0		0	0	0	0	0		-1	-1	-1	16000	0	0		-1	-1	 5ea7 308b
0x00000384	0x000029E0	0x00008AA0	-1	0	0	0	30	0	-1	10010	-1	0	-1	1	0	-1	-1	-1	20	0	0	0	0	0	0	253	0	0	0	1	1	1	1	1	1	1	1	1	1	1	1	1	1	1	1	0	0	0	0	0	0	0	1	0	0	0	1	1	0	0	0	0	0	0	1	0	0	1	0	1	0	0	1	0		99	0	0	0	0		-1	-1	-1	16000	0	0		-1	-1	 5f3e 4e38 3010 0050 0047 76f4 63a5 6307 5b9a 3011
0x00000385	0x00002A4C	0x00008AB6	-1	0	0	0	-1	0	-1	590010	-1	0	-1	4	0	-1	-1	-1	5	0	0	1	0	0	0	253	0	0	0	1	1	1	1	1	1	1	1	1	1	1	1	1	1	1	1	0	0	0	0	0	0	0	1	0	0	0	0	0	0	0	0	0	0	0	1	0	0	0	0	0	0	0	0	0		0	0	0	0	0		-1	-1	-1	-1	0	0		-1	-1	 30c6 30f3 30dd 30e9 30ea 5f3e 4e38 3010 0050 0047 76f4 63a5 6307 5b9a 3011
0x0000038E	0x00002AB8	0x00008AD6	3010	0	0	0	-1	0	-1	-1	-1	0	-1	2	0	-1	-1	-1	5	0	0	0	0	0	0	27	0	0	0	1	1	1	1	1	1	1	1	1	1	1	1	1	1	1	1	1	1	1	1	1	0	1	1	0	0	0	1	1	0	0	0	0	0	0	1	0	0	0	0	0	0	0	0	0		99	0	0	0	0		-1	-1	-1	16000	0	0		-1	-1	 5f3e 4e38 56de 5fa9
0x000003E7	0x00002B24	0x00008AE0	9999	-1	0	0	-1	0	-1	-1	-1	10010849	-1	0	0	-1	-1	-1	1	0	50	0	2	0	0	16	1	0	0	1	1	1	1	1	1	1	1	1	1	1	1	1	1	1	1	1	1	0	0	0	0	1	0	1	0	1	0	0	0	0	0	0	0	0	0	0	0	0	0	0	0	0	0	0		0	1	2	3	4		-1	-1	-1	16000	0	0		-1	-1	 0045 0033 7248 7528 30ea 30bb 30c3 30c8 30a2 30a4 30c6 30e0
0x000003E8	0x00002B90	0x00008AFA	3010	56	0	0	40	0	-1	10000	-1	0	-1	146	0	-1	-1	-1	20	0	50	0	2	0	0	26	0	0	0	1	1	1	1	1	1	1	1	1	1	1	1	1	1	1	1	1	1	1	1	1	0	0	1	0	0	0	1	1	0	0	0	0	0	0	1	0	0	0	1	1	0	0	1	0		99	0	0	0	0		-1	-1	-1	16000	0	0		-1	-1	 0048 0050 56de 5fa9 3010 0050 0047 76f4 63a5 6307 5b9a 3011
0x0000044C	0x00002BFC	0x00008B14	200	55	0	0	60	0	-1	30010	-1	0	-1	12	0	-1	-1	-1	10	0	50	0	1	0	0	0	0	0	0	1	1	1	1	1	1	1	1	1	1	1	1	1	1	1	1	1	1	1	1	1	0	1	1	0	0	0	1	1	0	0	0	0	0	0	1	0	0	0	0	0	0	0	0	0		99	0	0	0	0		-1	-1	-1	16000	0	0		-1	-1	 6bd2 30fb 51fa 8840 56de 5fa9 85ac
0x0000044D	0x00002C68	0x00008B24	230	57	0	0	120	0	-1	30030	-1	0	-1	13	0	-1	-1	-1	10	0	50	0	1	0	0	10	0	0	0	1	1	1	1	1	1	1	1	1	1	1	1	1	1	1	1	1	1	1	1	1	0	1	1	0	0	0	1	1	0	0	0	0	0	0	1	0	0	0	0	0	0	0	0	0		99	0	0	0	0		-1	-1	-1	16000	0	0		-1	-1	 72c2 6c17 30fb 7363 5316 56de 5fa9 85ac
0x00000456	0x00002CD4	0x00008B36	3240	58	0	0	200	0	-1	30020	-1	0	-1	20	0	-1	-1	-1	10	0	50	0	2	0	0	0	0	2	0	1	1	1	1	1	1	1	1	1	1	1	1	1	1	1	1	1	1	1	1	1	0	1	1	0	0	0	1	1	0	0	0	0	0	0	1	0	0	0	0	0	0	0	0	0		99	0	0	0	0		-1	-1	-1	16000	0	0		-1	-1	 7363 5316 85ac
0x00000460	0x00002D40	0x00008B3E	2014	9	0	0	400	0	-1	30040	-1	0	-1	18	0	-1	-1	-1	10	0	50	0	2	0	0	10	0	2	0	1	1	1	1	1	1	1	1	1	1	1	1	1	1	1	1	1	1	1	1	1	0	1	1	0	0	0	1	1	0	0	0	0	0	0	1	0	0	0	0	0	0	0	0	0		99	0	0	0	0		-1	-1	-1	16000	0	0		-1	-1	 77f3 3053 308d 5e3d 5b50
0x000004B0	0x00002DAC	0x00008B4A	100	0	0	0	40	0	-1	40010	-1	0	-1	24	0	-1	-1	-1	10	0	50	0	1	5	0	3	0	0	0	1	1	1	1	1	1	1	1	1	1	1	1	1	1	1	1	1	1	1	1	1	0	1	1	0	0	0	1	1	0	0	0	0	0	0	1	0	0	0	0	0	0	0	0	0		99	0	0	0	0		-1	-1	-1	12000	0	0		-1	-1	 706b 708e 58fa
0x000004BA	0x00002E18	0x00008B52	121	5	0	0	60	0	-1	60020	-1	0	-1	23	0	-1	-1	-1	20	0	50	0	1	5	0	2	0	0	0	1	1	1	1	1	1	1	1	1	1	1	1	1	1	1	1	1	1	1	1	1	0	1	1	0	0	0	1	1	0	0	0	0	0	0	1	0	0	0	0	0	0	0	0	0		99	0	0	0	0		-1	-1	-1	10000	0	0		-1	-1	 6bd2 30ca 30a4 30d5
0x000004C4	0x00002E84	0x00008B5C	150	1	0	0	70	0	-1	40030	-1	0	-1	26	0	-1	-1	-1	10	0	50	0	1	5	0	3	0	0	0	1	1	1	1	1	1	1	1	1	1	1	1	1	1	1	1	1	1	1	1	1	0	1	1	0	0	0	1	1	0	0	0	0	0	0	1	0	0	0	0	0	0	0	0	0		99	0	0	0	0		-1	-1	-1	13000	0	0		-1	-1	 6cb9 58fa
0x000004CE	0x00002EF0	0x00008B62	170	3	0	0	1	0	-1	60030	-1	0	-1	21	0	-1	-1	-1	20	0	50	0	1	5	0	3	0	0	0	1	1	1	1	1	1	1	1	1	1	1	1	1	1	1	1	1	1	1	1	1	0	1	1	0	0	0	1	1	0	0	0	0	0	0	1	0	0	0	0	0	0	0	0	0		99	0	0	0	0		-1	-1	-1	14000	0	0		-1	-1	 77f3 3053 308d
0x000004D8	0x00002F5C	0x00008B6A	120	4	0	0	20	0	-1	60010	-1	0	-1	22	0	-1	-1	-1	20	0	50	0	1	5	0	2	0	0	0	1	1	1	1	1	1	1	1	1	1	1	1	1	1	1	1	1	1	1	1	1	0	1	1	0	0	0	1	1	0	0	0	0	0	0	1	0	0	0	0	0	0	0	0	0		99	0	0	0	0		-1	-1	-1	10000	0	0		-1	-1	 6295 3052 30ca 30a4 30d5
0x000004E2	0x00002FC8	0x00008B76	110	0	0	0	40	0	-1	40020	-1	0	-1	25	0	-1	-1	-1	10	0	50	0	1	5	0	13	0	0	0	1	1	1	1	1	1	1	1	1	1	1	1	1	1	1	1	1	1	1	1	1	0	1	1	0	0	0	1	1	0	0	0	0	0	0	1	0	0	0	0	0	0	0	0	0		99	0	0	0	0		-1	-1	-1	12000	0	0		-1	-1	 80cc 5f8c 706b 708e 58fa
0x000004EC	0x00003034	0x00008B82	160	7	0	0	200	0	-1	50010	-1	0	-1	27	0	-1	-1	-1	10	0	50	0	1	5	0	3	0	0	0	1	1	1	1	1	1	1	1	1	1	1	1	1	1	1	1	1	1	1	1	1	0	1	1	0	0	0	1	1	0	0	0	0	0	0	1	0	0	0	0	0	0	0	0	0		99	0	0	0	0		-1	-1	-1	16000	0	0		-1	-1	 7363 8a98 3044
0x000004F6	0x000030A0	0x00008B8A	180	8	0	0	400	0	-1	50020	-1	0	-1	28	0	-1	-1	-1	10	0	50	0	1	5	0	3	0	0	0	1	1	1	1	1	1	1	1	1	1	1	1	1	1	1	1	1	1	1	1	1	0	1	1	0	0	0	1	1	0	0	0	0	0	0	1	0	0	0	0	0	0	0	0	0		99	0	0	0	0		-1	-1	-1	16000	0	0		-1	-1	 0048 0050 56de 5fa9 4e0d 53ef
0x00000514	0x0000310C	0x00008B98	2200	0	0	0	140	0	-1	70010	-1	0	-1	14	0	-1	-1	-1	10	0	50	0	2	0	0	1	0	1	0	1	1	1	1	1	1	1	1	1	1	1	1	1	1	1	1	1	1	1	1	1	0	1	1	0	0	0	1	1	0	0	0	0	1	0	1	0	0	0	0	0	0	0	0	0		99	0	0	0	0		-1	-1	-1	16000	0	16		-1	-1	 30a8 30f3 30c1 30e3 30f3 30c8 3010 708e 3011
0x0000051E	0x00003178	0x00008BAC	2210	0	0	0	3000	0	-1	220030	-1	0	-1	15	0	-1	6	-1	1	0	50	0	2	0	0	1	0	1	0	1	1	1	1	1	1	1	1	1	1	1	1	1	1	1	1	1	1	1	1	1	0	1	0	0	0	1	1	1	0	0	0	0	1	0	1	0	0	0	0	0	0	0	0	0		99	0	0	0	15		-1	-1	-1	15000	3	16		-1	-1	 30a8 30f3 30c1 30e3 30f3 30c8 3010 9b54 6cd5 3011
0x00000528	0x000031E4	0x00008BC2	2220	0	0	0	180	0	-1	70020	-1	0	-1	16	0	-1	-1	-1	10	0	50	0	2	0	0	1	0	1	0	1	1	1	1	1	1	1	1	1	1	1	1	1	1	1	1	1	1	1	1	1	0	1	1	0	0	0	1	1	0	0	0	0	1	0	1	0	0	0	0	0	0	0	0	0		99	0	0	0	0		-1	-1	-1	16000	0	16		-1	-1	 30a8 30f3 30c1 30e3 30f3 30c8 3010 96f7 3011
0x00000532	0x00003250	0x00008BD6	2230	0	0	0	60	0	-1	70030	-1	0	-1	17	0	-1	-1	-1	10	0	50	0	2	0	0	5	0	15	0	1	1	1	1	1	1	1	1	1	1	1	1	1	1	1	1	1	1	1	1	1	0	1	1	0	0	0	1	1	0	0	0	0	0	0	1	0	0	0	0	0	0	1	0	0		99	0	0	0	0		-1	-1	-1	16000	0	0		-1	-1	 9283 5a01 529b 30a2 30c3 30d7
0x00000578	0x000032BC	0x00008BE4	2101	0	0	0	80	0	-1	80020	-1	10010710	-1	29	0	-1	-1	-1	99	0	50	0	2	0	0	16	1	0	0	1	1	1	1	1	1	1	1	1	1	1	1	1	1	1	1	1	1	0	0	0	0	1	1	0	0	0	1	1	0	0	0	0	0	0	1	1	0	0	0	0	0	0	0	0		99	0	0	0	0		-1	-1	-1	16000	0	0		-1	-1	 5e30 9084
0x00000582	0x00003328	0x00008BEA	300	0	0	0	4	0	-1	80030	-1	0	-1	30	0	-1	-1	-1	99	0	50	0	1	5	0	7	0	0	0	1	1	1	1	1	1	1	1	1	1	1	1	1	1	1	1	1	1	1	1	1	0	1	1	0	0	0	1	1	0	0	0	0	0	0	1	0	0	0	0	0	0	0	0	0		99	0	0	0	0		-1	-1	-1	16000	0	0		-1	-1	 9053 6a19
0x00000583	0x00003394	0x00008BF0	2000	0	0	0	200	0	-1	90020	-1	0	-1	31	0	-1	-1	-1	1	0	50	0	2	0	0	4	0	0	0	1	1	1	1	1	1	1	1	1	1	1	1	1	1	1	1	1	1	1	1	1	0	1	0	0	0	0	1	1	0	0	0	0	0	0	1	0	0	0	0	0	0	0	0	0		99	0	0	0	0		-1	-1	-1	16000	0	0		-1	-1	 9060 773c 93e1
0x00000584	0x00003400	0x00008BF8	2010	0	0	0	400	0	-1	90010	-1	0	-1	32	0	-1	-1	-1	1	0	50	0	2	0	0	17	0	0	0	1	1	1	1	1	1	1	1	1	1	1	1	1	1	1	1	1	1	1	1	1	0	1	0	0	0	0	1	1	0	0	0	0	0	0	1	0	0	0	0	0	0	0	0	0		99	0	0	0	0		-1	-1	-1	16000	0	0		-1	-1	 30e9 30f3 30bf 30f3
0x000005DC	0x0000346C	0x00008C02	2160	95	0	0	200	0	-1	110010	-1	0	-1	76	0	-1	-1	-1	99	0	50	0	2	0	0	9	0	0	0	1	1	1	1	1	1	1	1	1	1	1	1	1	1	1	1	1	1	1	1	1	0	1	1	0	0	0	1	1	0	0	0	0	0	0	1	0	0	0	0	0	1	0	0	0		99	0	0	0	0		-1	-1	-1	16000	0	0		-1	-1	 0053 0041 004e 5024 56de 5fa9 ff0b 0031
0x000005DD	0x000034D8	0x00008C14	2161	96	0	0	400	0	-1	110020	-1	0	-1	77	0	-1	-1	-1	99	0	50	0	2	0	0	9	0	0	0	1	1	1	1	1	1	1	1	1	1	1	1	1	1	1	1	1	1	1	1	1	0	1	1	0	0	0	1	1	0	0	0	0	0	0	1	0	0	0	0	0	1	0	0	0		99	0	0	0	0		-1	-1	-1	16000	0	0		-1	-1	 0053 0041 004e 5024 56de 5fa9 ff0b 0032
0x000005E6	0x00003544	0x00008C26	3600	90	0	0	70	0	-1	100010	-1	0	-1	48	0	-1	-1	-1	99	0	50	0	2	0	0	9	0	0	0	1	1	1	1	1	1	1	1	1	1	1	1	1	1	1	1	1	1	1	1	1	0	1	1	0	0	0	1	1	0	0	0	0	0	0	1	0	0	0	0	0	1	0	0	0		99	0	0	0	0		-1	-1	-1	16000	0	0		-1	-1	 30bd 30a6 30eb 3010 0030 3011
0x000005E7	0x000035B0	0x00008C34	3601	90	0	0	100	0	-1	100020	-1	0	-1	49	0	-1	-1	-1	99	0	50	0	2	0	0	9	0	0	0	1	1	1	1	1	1	1	1	1	1	1	1	1	1	1	1	1	1	1	1	1	0	1	1	0	0	0	1	1	0	0	0	0	0	0	1	0	0	0	0	0	1	0	0	0		99	0	0	0	0		-1	-1	-1	16000	0	0		-1	-1	 30bd 30a6 30eb 3010 0031 3011
0x000005E8	0x0000361C	0x00008C42	3602	90	0	0	200	0	-1	100030	-1	0	-1	50	0	-1	-1	-1	99	0	50	0	2	0	0	9	0	0	0	1	1	1	1	1	1	1	1	1	1	1	1	1	1	1	1	1	1	1	1	1	0	1	1	0	0	0	1	1	0	0	0	0	0	0	1	0	0	0	0	0	1	0	0	0		99	0	0	0	0		-1	-1	-1	16000	0	0		-1	-1	 30bd 30a6 30eb 3010 0032 3011
0x000005E9	0x00003688	0x00008C50	3603	91	0	0	240	0	-1	100040	-1	0	-1	51	0	-1	-1	-1	99	0	50	0	2	0	0	9	0	0	0	1	1	1	1	1	1	1	1	1	1	1	1	1	1	1	1	1	1	1	1	1	0	1	1	0	0	0	1	1	0	0	0	0	0	0	1	0	0	0	0	0	1	0	0	0		99	0	0	0	0		-1	-1	-1	16000	0	0		-1	-1	 30bd 30a6 30eb 3010 0033 3011
0x000005EA	0x000036F4	0x00008C5E	3604	91	0	0	300	0	-1	100050	-1	0	-1	52	0	-1	-1	-1	99	0	50	0	2	0	0	9	0	0	0	1	1	1	1	1	1	1	1	1	1	1	1	1	1	1	1	1	1	1	1	1	0	1	1	0	0	0	1	1	0	0	0	0	0	0	1	0	0	0	0	0	1	0	0	0		99	0	0	0	0		-1	-1	-1	16000	0	0		-1	-1	 30bd 30a6 30eb 3010 0034 3011
0x000005EB	0x00003760	0x00008C6C	3605	91	0	0	360	0	-1	100060	-1	0	-1	53	0	-1	-1	-1	99	0	50	0	2	0	0	9	0	0	0	1	1	1	1	1	1	1	1	1	1	1	1	1	1	1	1	1	1	1	1	1	0	1	1	0	0	0	1	1	0	0	0	0	0	0	1	0	0	0	0	0	1	0	0	0		99	0	0	0	0		-1	-1	-1	16000	0	0		-1	-1	 30bd 30a6 30eb 3010 0035 3011
0x000005EC	0x000037CC	0x00008C7A	3606	92	0	0	400	0	-1	100070	-1	0	-1	54	0	-1	-1	-1	99	0	50	0	2	0	0	9	0	0	0	1	1	1	1	1	1	1	1	1	1	1	1	1	1	1	1	1	1	1	1	1	0	1	1	0	0	0	1	1	0	0	0	0	0	0	1	0	0	0	0	0	1	0	0	0		99	0	0	0	0		-1	-1	-1	16000	0	0		-1	-1	 30bd 30a6 30eb 3010 0036 3011
0x000005ED	0x00003838	0x00008C88	3607	92	0	0	600	0	-1	100080	-1	0	-1	55	0	-1	-1	-1	99	0	50	0	2	0	0	9	0	0	0	1	1	1	1	1	1	1	1	1	1	1	1	1	1	1	1	1	1	1	1	1	0	1	1	0	0	0	1	1	0	0	0	0	0	0	1	0	0	0	0	0	1	0	0	0		99	0	0	0	0		-1	-1	-1	16000	0	0		-1	-1	 30bd 30a6 30eb 3010 0037 3011
0x000005EE	0x000038A4	0x00008C96	3608	92	0	0	1000	0	-1	100090	-1	0	-1	56	0	-1	-1	-1	99	0	50	0	2	0	0	9	0	0	0	1	1	1	1	1	1	1	1	1	1	1	1	1	1	1	1	1	1	1	1	1	0	1	1	0	0	0	1	1	0	0	0	0	0	0	1	0	0	0	0	0	1	0	0	0		99	0	0	0	0		-1	-1	-1	16000	0	0		-1	-1	 30bd 30a6 30eb 3010 0038 3011
0x000005EF	0x00003910	0x00008CA4	3609	93	0	0	1600	0	-1	100100	-1	0	-1	57	0	-1	-1	-1	99	0	50	0	2	0	0	9	0	0	0	1	1	1	1	1	1	1	1	1	1	1	1	1	1	1	1	1	1	1	1	1	0	1	1	0	0	0	1	1	0	0	0	0	0	0	1	0	0	0	0	0	1	0	0	0		99	0	0	0	0		-1	-1	-1	16000	0	0		-1	-1	 30bd 30a6 30eb 3010 0039 3011
0x00000636	0x0000397C	0x00008CB2	3610	93	0	0	2000	0	-1	100110	-1	0	-1	78	0	-1	-1	-1	99	0	50	0	2	0	0	9	0	0	0	1	1	1	1	1	1	1	1	1	1	1	1	1	1	1	1	1	1	1	1	1	0	1	1	0	0	0	1	1	0	0	0	0	0	0	1	0	0	0	0	0	1	0	0	0		99	0	0	0	0		-1	-1	-1	16000	0	0		-1	-1	 30bd 30a6 30eb 3010 0031 0030 3011
0x00000637	0x000039E8	0x00008CC2	3611	93	0	0	4000	0	-1	100120	-1	0	-1	79	0	-1	-1	-1	99	0	50	0	2	0	0	9	0	0	0	1	1	1	1	1	1	1	1	1	1	1	1	1	1	1	1	1	1	1	1	1	0	1	1	0	0	0	1	1	0	0	0	0	0	0	1	0	0	0	0	0	1	0	0	0		99	0	0	0	0		-1	-1	-1	16000	0	0		-1	-1	 30bd 30a6 30eb 3010 0031 0031 3011
0x00000638	0x00003A54	0x00008CD2	3612	94	0	0	8000	0	-1	100130	-1	0	-1	80	0	-1	-1	-1	99	0	50	0	2	0	0	9	0	0	0	1	1	1	1	1	1	1	1	1	1	1	1	1	1	1	1	1	1	1	1	1	0	1	1	0	0	0	1	1	0	0	0	0	0	0	1	0	0	0	0	0	1	0	0	0		99	0	0	0	0		-1	-1	-1	16000	0	0		-1	-1	 30bd 30a6 30eb 3010 0031 0032 3011
0x00000639	0x00003AC0	0x00008CE2	3613	94	0	0	10000	0	-1	100140	-1	0	-1	81	0	-1	-1	-1	99	0	50	0	2	0	0	9	0	0	0	1	1	1	1	1	1	1	1	1	1	1	1	1	1	1	1	1	1	1	1	1	0	1	1	0	0	0	1	1	0	0	0	0	0	0	1	0	0	0	0	0	1	0	0	0		99	0	0	0	0		-1	-1	-1	16000	0	0		-1	-1	 30bd 30a6 30eb 3010 0031 0033 3011
0x0000063A	0x00003B2C	0x00008CF2	3614	94	0	0	20000	0	-1	100150	-1	0	-1	82	0	-1	-1	-1	99	0	50	0	2	0	0	9	0	0	0	1	1	1	1	1	1	1	1	1	1	1	1	1	1	1	1	1	1	1	1	1	0	1	1	0	0	0	1	1	0	0	0	0	0	0	1	0	0	0	0	0	1	0	0	0		99	0	0	0	0		-1	-1	-1	16000	0	0		-1	-1	 30bd 30a6 30eb 3010 0031 0034 3011
0x00000640	0x00003B98	0x00008D02	3400	91	0	0	100	0	-1	210010	-1	0	-1	332	0	-1	-1	-1	1	0	50	0	2	0	0	29	0	0	0	1	1	1	1	1	1	1	1	1	1	1	1	1	1	1	1	1	1	1	1	1	0	1	1	0	0	0	0	1	0	0	0	0	0	0	1	0	0	0	0	0	0	0	0	0		1	0	0	0	0		-1	-1	-1	16000	0	0		-1	-1	 0042 004a 300c 53f3 56de 308a 306e 5909 614b 300d 306e 539f 77f3
0x00000641	0x00003C04	0x00008D1E	3401	91	0	0	100	0	-1	210020	-1	0	-1	333	0	-1	-1	-1	1	0	50	0	2	0	0	29	0	0	0	1	1	1	1	1	1	1	1	1	1	1	1	1	1	1	1	1	1	1	1	1	0	1	1	0	0	0	0	1	0	0	0	0	0	0	1	0	0	0	0	0	0	0	0	0		1	0	0	0	0		-1	-1	-1	16000	0	0		-1	-1	 0042 004a 300c 5de6 56de 308a 306e 5909 614b 300d 306e 539f 77f3
0x00000642	0x00003C70	0x00008D3A	3402	91	0	0	100	0	-1	210030	-1	0	-1	339	0	-1	-1	-1	1	0	50	0	2	0	0	29	0	0	0	1	1	1	1	1	1	1	1	1	1	1	1	1	1	1	1	1	1	1	1	1	0	1	1	0	0	0	0	1	0	0	0	0	0	0	1	0	0	0	0	0	0	0	0	0		1	0	0	0	0		-1	-1	-1	16000	0	0		-1	-1	 0042 004a 300c 62dd 9818 300d 306e 539f 77f3
0x00000643	0x00003CDC	0x00008D4E	3403	91	0	0	100	0	-1	210040	-1	0	-1	340	0	-1	-1	-1	1	0	50	0	2	0	0	29	0	0	0	1	1	1	1	1	1	1	1	1	1	1	1	1	1	1	1	1	1	1	1	1	0	1	1	0	0	0	0	1	0	0	0	0	0	0	1	0	0	0	0	0	0	0	0	0		1	0	0	0	0		-1	-1	-1	16000	0	0		-1	-1	 0042 004a 300c 30aa 30c9 30f3 306e 4ea4 308f 308a 300d 306e 539f 77f3
0x00000644	0x00003D48	0x00008D6C	3404	91	0	0	100	0	-1	210050	-1	0	-1	336	0	-1	-1	-1	1	0	50	0	2	0	0	29	0	0	0	1	1	1	1	1	1	1	1	1	1	1	1	1	1	1	1	1	1	1	1	1	0	1	1	0	0	0	0	1	0	0	0	0	0	0	1	0	0	0	0	0	0	0	0	0		1	0	0	0	0		-1	-1	-1	16000	0	0		-1	-1	 0042 004a 300c 6e56 300d 306e 539f 77f3
0x00000645	0x00003DB4	0x00008D7E	3405	91	0	0	100	0	-1	210060	-1	0	-1	337	0	-1	-1	-1	1	0	50	0	2	0	0	29	0	0	0	1	1	1	1	1	1	1	1	1	1	1	1	1	1	1	1	1	1	1	1	1	0	1	1	0	0	0	0	1	0	0	0	0	0	0	1	0	0	0	0	0	0	0	0	0		1	0	0	0	0		-1	-1	-1	16000	0	0		-1	-1	 0042 004a 300c 6df1 6d77 300d 306e 539f 77f3
0x00000646	0x00003E20	0x00008D92	3406	91	0	0	100	0	-1	210045	-1	0	-1	341	0	-1	-1	-1	1	0	50	0	2	0	0	29	0	0	0	1	1	1	1	1	1	1	1	1	1	1	1	1	1	1	1	1	1	1	1	1	0	1	1	0	0	0	0	1	0	0	0	0	0	0	1	0	0	0	0	0	0	0	0	0		1	0	0	0	0		-1	-1	-1	16000	0	0		-1	-1	 0042 004a 300c 7834 58ca 8005 300d 306e 539f 77f3
0x00000647	0x00003E8C	0x00008DA8	3407	91	0	0	100	0	-1	210046	-1	0	-1	334	0	-1	-1	-1	1	0	50	0	2	0	0	29	0	0	0	1	1	1	1	1	1	1	1	1	1	1	1	1	1	1	1	1	1	1	1	1	0	1	1	0	0	0	0	1	0	0	0	0	0	0	1	0	0	0	0	0	0	0	0	0		1	0	0	0	0		-1	-1	-1	16000	0	0		-1	-1	 0042 004a 300c 6b53 697d 8005 300d 306e 539f 77f3
0x00000648	0x00003EF8	0x00008DBE	3408	91	0	0	100	0	-1	210047	-1	0	-1	335	0	-1	-1	-1	1	0	50	0	2	0	0	29	0	0	0	1	1	1	1	1	1	1	1	1	1	1	1	1	1	1	1	1	1	1	1	1	0	1	1	0	0	0	0	1	0	0	0	0	0	0	1	0	0	0	0	0	0	0	0	0		1	0	0	0	0		-1	-1	-1	16000	0	0		-1	-1	 0042 004a 300c 4ea4 308f 308b 8005 300d 306e 539f 77f3
0x00000649	0x00003F64	0x00008DD6	3409	91	0	0	100	0	-1	210048	-1	0	-1	342	0	-1	-1	-1	1	0	50	0	2	0	0	29	0	0	0	1	1	1	1	1	1	1	1	1	1	1	1	1	1	1	1	1	1	1	1	1	0	1	1	0	0	0	0	1	0	0	0	0	0	0	1	0	0	0	0	0	0	0	0	0		1	0	0	0	0		-1	-1	-1	16000	0	0		-1	-1	 0042 004a 300c 7d99 627f 8005 300d 306e 539f 77f3
0x0000064A	0x00003FD0	0x00008DEC	3410	91	0	0	100	0	-1	210140	-1	0	-1	338	0	-1	-1	-1	1	0	50	0	2	0	0	29	0	0	0	1	1	1	1	1	1	1	1	1	1	1	1	1	1	1	1	1	1	1	1	1	0	1	1	0	0	0	0	1	0	0	0	0	0	0	1	0	0	0	0	0	0	0	0	0		1	0	0	0	0		-1	-1	-1	16000	0	0		-1	-1	 0042 004a 300c 7363 300d 306e 539f 77f3
0x0000064B	0x0000403C	0x00008DFE	3411	91	0	0	100	0	-1	210120	-1	0	-1	330	0	-1	-1	-1	1	0	50	0	2	0	0	29	0	0	0	1	1	1	1	1	1	1	1	1	1	1	1	1	1	1	1	1	1	1	1	1	0	1	1	0	0	0	0	1	0	0	0	0	0	0	1	0	0	0	0	0	0	0	0	0		1	0	0	0	0		-1	-1	-1	16000	0	0		-1	-1	 0042 004a 300c 6708 300d 306e 539f 77f3
0x0000064C	0x000040A8	0x00008E10	3412	91	0	0	100	0	-1	210130	-1	0	-1	331	0	-1	-1	-1	1	0	50	0	2	0	0	29	0	0	0	1	1	1	1	1	1	1	1	1	1	1	1	1	1	1	1	1	1	1	1	1	0	1	1	0	0	0	0	1	0	0	0	0	0	0	1	0	0	0	0	0	0	0	0	0		1	0	0	0	0		-1	-1	-1	16000	0	0		-1	-1	 0042 004a 300c 77b3 300d 306e 539f 77f3
0x00000672	0x00004114	0x00008E22	3450	91	0	0	10	0	-1	130010	-1	0	-1	324	0	-1	-1	-1	1	0	50	0	2	0	0	29	0	0	0	1	1	1	1	1	1	1	1	1	1	1	1	1	1	1	1	1	1	1	1	1	0	1	1	0	0	0	0	1	0	0	0	0	0	0	1	0	0	0	0	0	0	0	0	0		1	0	0	0	0		-1	-1	-1	16000	0	0		-1	-1	 653e 5c04 578b 9b54 77f3 306e 539f 77f3 3000 30ec 30d9 30eb 0031
0x00000673	0x00004180	0x00008E3E	3451	91	0	0	20	0	-1	130020	-1	0	-1	324	0	-1	-1	-1	1	0	50	0	2	0	0	29	0	0	0	1	1	1	1	1	1	1	1	1	1	1	1	1	1	1	1	1	1	1	1	1	0	1	1	0	0	0	0	1	0	0	0	0	0	0	1	0	0	0	0	0	0	0	0	0		1	0	0	0	0		-1	-1	-1	16000	0	0		-1	-1	 653e 5c04 578b 9b54 77f3 306e 539f 77f3 3000 30ec 30d9 30eb 0032
0x00000674	0x000041EC	0x00008E5A	3452	91	0	0	30	0	-1	130030	-1	0	-1	324	0	-1	-1	-1	1	0	50	0	2	0	0	29	0	0	0	1	1	1	1	1	1	1	1	1	1	1	1	1	1	1	1	1	1	1	1	1	0	1	1	0	0	0	0	1	0	0	0	0	0	0	1	0	0	0	0	0	0	0	0	0		1	0	0	0	0		-1	-1	-1	16000	0	0		-1	-1	 653e 5c04 578b 9b54 77f3 306e 539f 77f3 3000 30ec 30d9 30eb 0033
0x00000675	0x00004258	0x00008E76	3453	91	0	0	40	0	-1	130040	-1	0	-1	324	0	-1	-1	-1	1	0	50	0	2	0	0	29	0	0	0	1	1	1	1	1	1	1	1	1	1	1	1	1	1	1	1	1	1	1	1	1	0	1	1	0	0	0	0	1	0	0	0	0	0	0	1	0	0	0	0	0	0	0	0	0		1	0	0	0	0		-1	-1	-1	16000	0	0		-1	-1	 653e 5c04 578b 9b54 77f3 306e 539f 77f3 3000 30ec 30d9 30eb 0034
0x00000676	0x000042C4	0x00008E92	3454	91	0	0	50	0	-1	130050	-1	0	-1	324	0	-1	-1	-1	1	0	50	0	2	0	0	29	0	0	0	1	1	1	1	1	1	1	1	1	1	1	1	1	1	1	1	1	1	1	1	1	0	1	1	0	0	0	0	1	0	0	0	0	0	0	1	0	0	0	0	0	0	0	0	0		1	0	0	0	0		-1	-1	-1	16000	0	0		-1	-1	 653e 5c04 578b 9b54 77f3 306e 539f 77f3 3000 30ec 30d9 30eb 0035
0x00000677	0x00004330	0x00008EAE	3455	91	0	0	60	0	-1	130060	-1	0	-1	324	0	-1	-1	-1	1	0	50	0	2	0	0	29	0	0	0	1	1	1	1	1	1	1	1	1	1	1	1	1	1	1	1	1	1	1	1	1	0	1	1	0	0	0	0	1	0	0	0	0	0	0	1	0	0	0	0	0	0	0	0	0		1	0	0	0	0		-1	-1	-1	16000	0	0		-1	-1	 653e 5c04 578b 9b54 77f3 306e 539f 77f3 3000 30ec 30d9 30eb 0036
0x00000678	0x0000439C	0x00008ECA	3456	91	0	0	70	0	-1	130070	-1	0	-1	324	0	-1	-1	-1	1	0	50	0	2	0	0	29	0	0	0	1	1	1	1	1	1	1	1	1	1	1	1	1	1	1	1	1	1	1	1	1	0	1	1	0	0	0	0	1	0	0	0	0	0	0	1	0	0	0	0	0	0	0	0	0		1	0	0	0	0		-1	-1	-1	16000	0	0		-1	-1	 653e 5c04 578b 9b54 77f3 306e 539f 77f3 3000 30ec 30d9 30eb 0037
0x00000679	0x00004408	0x00008EE6	3457	91	0	0	10	0	-1	140010	-1	0	-1	325	0	-1	-1	-1	1	0	50	0	2	0	0	29	0	0	0	1	1	1	1	1	1	1	1	1	1	1	1	1	1	1	1	1	1	1	1	1	0	1	1	0	0	0	0	1	0	0	0	0	0	0	1	0	0	0	0	0	0	0	0	0		1	0	0	0	0		-1	-1	-1	16000	0	0		-1	-1	 4e09 89d2 578b 9b54 77f3 306e 539f 77f3 3000 30ec 30d9 30eb 0031
0x0000067A	0x00004474	0x00008F02	3458	91	0	0	20	0	-1	140020	-1	0	-1	325	0	-1	-1	-1	1	0	50	0	2	0	0	29	0	0	0	1	1	1	1	1	1	1	1	1	1	1	1	1	1	1	1	1	1	1	1	1	0	1	1	0	0	0	0	1	0	0	0	0	0	0	1	0	0	0	0	0	0	0	0	0		1	0	0	0	0		-1	-1	-1	16000	0	0		-1	-1	 4e09 89d2 578b 9b54 77f3 306e 539f 77f3 3000 30ec 30d9 30eb 0032
0x0000067B	0x000044E0	0x00008F1E	3459	91	0	0	30	0	-1	140030	-1	0	-1	325	0	-1	-1	-1	1	0	50	0	2	0	0	29	0	0	0	1	1	1	1	1	1	1	1	1	1	1	1	1	1	1	1	1	1	1	1	1	0	1	1	0	0	0	0	1	0	0	0	0	0	0	1	0	0	0	0	0	0	0	0	0		1	0	0	0	0		-1	-1	-1	16000	0	0		-1	-1	 4e09 89d2 578b 9b54 77f3 306e 539f 77f3 3000 30ec 30d9 30eb 0033
0x0000067C	0x0000454C	0x00008F3A	3460	91	0	0	40	0	-1	140040	-1	0	-1	325	0	-1	-1	-1	1	0	50	0	2	0	0	29	0	0	0	1	1	1	1	1	1	1	1	1	1	1	1	1	1	1	1	1	1	1	1	1	0	1	1	0	0	0	0	1	0	0	0	0	0	0	1	0	0	0	0	0	0	0	0	0		1	0	0	0	0		-1	-1	-1	16000	0	0		-1	-1	 4e09 89d2 578b 9b54 77f3 306e 539f 77f3 3000 30ec 30d9 30eb 0034
0x0000067D	0x000045B8	0x00008F56	3461	91	0	0	50	0	-1	140050	-1	0	-1	325	0	-1	-1	-1	1	0	50	0	2	0	0	29	0	0	0	1	1	1	1	1	1	1	1	1	1	1	1	1	1	1	1	1	1	1	1	1	0	1	1	0	0	0	0	1	0	0	0	0	0	0	1	0	0	0	0	0	0	0	0	0		1	0	0	0	0		-1	-1	-1	16000	0	0		-1	-1	 4e09 89d2 578b 9b54 77f3 306e 539f 77f3 3000 30ec 30d9 30eb 0035
0x0000067E	0x00004624	0x00008F72	3462	91	0	0	60	0	-1	140060	-1	0	-1	325	0	-1	-1	-1	1	0	50	0	2	0	0	29	0	0	0	1	1	1	1	1	1	1	1	1	1	1	1	1	1	1	1	1	1	1	1	1	0	1	1	0	0	0	0	1	0	0	0	0	0	0	1	0	0	0	0	0	0	0	0	0		1	0	0	0	0		-1	-1	-1	16000	0	0		-1	-1	 4e09 89d2 578b 9b54 77f3 306e 539f 77f3 3000 30ec 30d9 30eb 0036
0x0000067F	0x00004690	0x00008F8E	3463	91	0	0	70	0	-1	140070	-1	0	-1	325	0	-1	-1	-1	1	0	50	0	2	0	0	29	0	0	0	1	1	1	1	1	1	1	1	1	1	1	1	1	1	1	1	1	1	1	1	1	0	1	1	0	0	0	0	1	0	0	0	0	0	0	1	0	0	0	0	0	0	0	0	0		1	0	0	0	0		-1	-1	-1	16000	0	0		-1	-1	 4e09 89d2 578b 9b54 77f3 306e 539f 77f3 3000 30ec 30d9 30eb 0037
0x00000680	0x000046FC	0x00008FAA	3464	91	0	0	10	0	-1	150010	-1	0	-1	326	0	-1	-1	-1	1	0	50	0	2	0	0	29	0	0	0	1	1	1	1	1	1	1	1	1	1	1	1	1	1	1	1	1	1	1	1	1	0	1	1	0	0	0	0	1	0	0	0	0	0	0	1	0	0	0	0	0	0	0	0	0		1	0	0	0	0		-1	-1	-1	16000	0	0		-1	-1	 6b20 640d 578b 9b54 77f3 306e 539f 77f3 3000 30ec 30d9 30eb 0031
0x00000681	0x00004768	0x00008FC6	3465	91	0	0	20	0	-1	150020	-1	0	-1	326	0	-1	-1	-1	1	0	50	0	2	0	0	29	0	0	0	1	1	1	1	1	1	1	1	1	1	1	1	1	1	1	1	1	1	1	1	1	0	1	1	0	0	0	0	1	0	0	0	0	0	0	1	0	0	0	0	0	0	0	0	0		1	0	0	0	0		-1	-1	-1	16000	0	0		-1	-1	 6b20 640d 578b 9b54 77f3 306e 539f 77f3 3000 30ec 30d9 30eb 0032
0x00000682	0x000047D4	0x00008FE2	3466	91	0	0	30	0	-1	150030	-1	0	-1	326	0	-1	-1	-1	1	0	50	0	2	0	0	29	0	0	0	1	1	1	1	1	1	1	1	1	1	1	1	1	1	1	1	1	1	1	1	1	0	1	1	0	0	0	0	1	0	0	0	0	0	0	1	0	0	0	0	0	0	0	0	0		1	0	0	0	0		-1	-1	-1	16000	0	0		-1	-1	 6b20 640d 578b 9b54 77f3 306e 539f 77f3 3000 30ec 30d9 30eb 0033
0x00000683	0x00004840	0x00008FFE	3467	91	0	0	40	0	-1	150040	-1	0	-1	326	0	-1	-1	-1	1	0	50	0	2	0	0	29	0	0	0	1	1	1	1	1	1	1	1	1	1	1	1	1	1	1	1	1	1	1	1	1	0	1	1	0	0	0	0	1	0	0	0	0	0	0	1	0	0	0	0	0	0	0	0	0		1	0	0	0	0		-1	-1	-1	16000	0	0		-1	-1	 6b20 640d 578b 9b54 77f3 306e 539f 77f3 3000 30ec 30d9 30eb 0034
0x00000684	0x000048AC	0x0000901A	3468	91	0	0	50	0	-1	150050	-1	0	-1	326	0	-1	-1	-1	1	0	50	0	2	0	0	29	0	0	0	1	1	1	1	1	1	1	1	1	1	1	1	1	1	1	1	1	1	1	1	1	0	1	1	0	0	0	0	1	0	0	0	0	0	0	1	0	0	0	0	0	0	0	0	0		1	0	0	0	0		-1	-1	-1	16000	0	0		-1	-1	 6b20 640d 578b 9b54 77f3 306e 539f 77f3 3000 30ec 30d9 30eb 0035
0x00000685	0x00004918	0x00009036	3469	91	0	0	60	0	-1	150060	-1	0	-1	326	0	-1	-1	-1	1	0	50	0	2	0	0	29	0	0	0	1	1	1	1	1	1	1	1	1	1	1	1	1	1	1	1	1	1	1	1	1	0	1	1	0	0	0	0	1	0	0	0	0	0	0	1	0	0	0	0	0	0	0	0	0		1	0	0	0	0		-1	-1	-1	16000	0	0		-1	-1	 6b20 640d 578b 9b54 77f3 306e 539f 77f3 3000 30ec 30d9 30eb 0036
0x00000686	0x00004984	0x00009052	3470	91	0	0	70	0	-1	150070	-1	0	-1	326	0	-1	-1	-1	1	0	50	0	2	0	0	29	0	0	0	1	1	1	1	1	1	1	1	1	1	1	1	1	1	1	1	1	1	1	1	1	0	1	1	0	0	0	0	1	0	0	0	0	0	0	1	0	0	0	0	0	0	0	0	0		1	0	0	0	0		-1	-1	-1	16000	0	0		-1	-1	 6b20 640d 578b 9b54 77f3 306e 539f 77f3 3000 30ec 30d9 30eb 0037
0x00000687	0x000049F0	0x0000906E	3471	91	0	0	10	0	-1	160010	-1	0	-1	327	0	-1	-1	-1	1	0	50	0	2	0	0	29	0	0	0	1	1	1	1	1	1	1	1	1	1	1	1	1	1	1	1	1	1	1	1	1	0	1	1	0	0	0	0	1	0	0	0	0	0	0	1	0	0	0	0	0	0	0	0	0		1	0	0	0	0		-1	-1	-1	16000	0	0		-1	-1	 5186 578b 9b54 77f3 306e 539f 77f3 3000 30ec 30d9 30eb 0031
0x00000688	0x00004A5C	0x00009088	3472	91	0	0	20	0	-1	160020	-1	0	-1	327	0	-1	-1	-1	1	0	50	0	2	0	0	29	0	0	0	1	1	1	1	1	1	1	1	1	1	1	1	1	1	1	1	1	1	1	1	1	0	1	1	0	0	0	0	1	0	0	0	0	0	0	1	0	0	0	0	0	0	0	0	0		1	0	0	0	0		-1	-1	-1	16000	0	0		-1	-1	 5186 578b 9b54 77f3 306e 539f 77f3 3000 30ec 30d9 30eb 0032
0x00000689	0x00004AC8	0x000090A2	3473	91	0	0	30	0	-1	160030	-1	0	-1	327	0	-1	-1	-1	1	0	50	0	2	0	0	29	0	0	0	1	1	1	1	1	1	1	1	1	1	1	1	1	1	1	1	1	1	1	1	1	0	1	1	0	0	0	0	1	0	0	0	0	0	0	1	0	0	0	0	0	0	0	0	0		1	0	0	0	0		-1	-1	-1	16000	0	0		-1	-1	 5186 578b 9b54 77f3 306e 539f 77f3 3000 30ec 30d9 30eb 0033
0x0000068A	0x00004B34	0x000090BC	3474	91	0	0	40	0	-1	160040	-1	0	-1	327	0	-1	-1	-1	1	0	50	0	2	0	0	29	0	0	0	1	1	1	1	1	1	1	1	1	1	1	1	1	1	1	1	1	1	1	1	1	0	1	1	0	0	0	0	1	0	0	0	0	0	0	1	0	0	0	0	0	0	0	0	0		1	0	0	0	0		-1	-1	-1	16000	0	0		-1	-1	 5186 578b 9b54 77f3 306e 539f 77f3 3000 30ec 30d9 30eb 0034
0x0000068B	0x00004BA0	0x000090D6	3475	91	0	0	50	0	-1	160050	-1	0	-1	327	0	-1	-1	-1	1	0	50	0	2	0	0	29	0	0	0	1	1	1	1	1	1	1	1	1	1	1	1	1	1	1	1	1	1	1	1	1	0	1	1	0	0	0	0	1	0	0	0	0	0	0	1	0	0	0	0	0	0	0	0	0		1	0	0	0	0		-1	-1	-1	16000	0	0		-1	-1	 5186 578b 9b54 77f3 306e 539f 77f3 3000 30ec 30d9 30eb 0035
0x0000068C	0x00004C0C	0x000090F0	3476	91	0	0	60	0	-1	160060	-1	0	-1	327	0	-1	-1	-1	1	0	50	0	2	0	0	29	0	0	0	1	1	1	1	1	1	1	1	1	1	1	1	1	1	1	1	1	1	1	1	1	0	1	1	0	0	0	0	1	0	0	0	0	0	0	1	0	0	0	0	0	0	0	0	0		1	0	0	0	0		-1	-1	-1	16000	0	0		-1	-1	 5186 578b 9b54 77f3 306e 539f 77f3 3000 30ec 30d9 30eb 0036
0x0000068D	0x00004C78	0x0000910A	3477	91	0	0	70	0	-1	160070	-1	0	-1	327	0	-1	-1	-1	1	0	50	0	2	0	0	29	0	0	0	1	1	1	1	1	1	1	1	1	1	1	1	1	1	1	1	1	1	1	1	1	0	1	1	0	0	0	0	1	0	0	0	0	0	0	1	0	0	0	0	0	0	0	0	0		1	0	0	0	0		-1	-1	-1	16000	0	0		-1	-1	 5186 578b 9b54 77f3 306e 539f 77f3 3000 30ec 30d9 30eb 0037
0x0000068E	0x00004CE4	0x00009124	3478	91	0	0	10	0	-1	170010	-1	0	-1	329	0	-1	-1	-1	1	0	50	0	2	0	0	29	0	0	0	1	1	1	1	1	1	1	1	1	1	1	1	1	1	1	1	1	1	1	1	1	0	1	1	0	0	0	0	1	0	0	0	0	0	0	1	0	0	0	0	0	0	0	0	0		1	0	0	0	0		-1	-1	-1	16000	0	0		-1	-1	 96eb 578b 9b54 77f3 306e 539f 77f3 3000 30ec 30d9 30eb 0031
0x0000068F	0x00004D50	0x0000913E	3479	91	0	0	20	0	-1	170020	-1	0	-1	329	0	-1	-1	-1	1	0	50	0	2	0	0	29	0	0	0	1	1	1	1	1	1	1	1	1	1	1	1	1	1	1	1	1	1	1	1	1	0	1	1	0	0	0	0	1	0	0	0	0	0	0	1	0	0	0	0	0	0	0	0	0		1	0	0	0	0		-1	-1	-1	16000	0	0		-1	-1	 96eb 578b 9b54 77f3 306e 539f 77f3 3000 30ec 30d9 30eb 0032
0x00000690	0x00004DBC	0x00009158	3480	91	0	0	30	0	-1	170030	-1	0	-1	329	0	-1	-1	-1	1	0	50	0	2	0	0	29	0	0	0	1	1	1	1	1	1	1	1	1	1	1	1	1	1	1	1	1	1	1	1	1	0	1	1	0	0	0	0	1	0	0	0	0	0	0	1	0	0	0	0	0	0	0	0	0		1	0	0	0	0		-1	-1	-1	16000	0	0		-1	-1	 96eb 578b 9b54 77f3 306e 539f 77f3 3000 30ec 30d9 30eb 0033
0x00000691	0x00004E28	0x00009172	3481	91	0	0	40	0	-1	170040	-1	0	-1	329	0	-1	-1	-1	1	0	50	0	2	0	0	29	0	0	0	1	1	1	1	1	1	1	1	1	1	1	1	1	1	1	1	1	1	1	1	1	0	1	1	0	0	0	0	1	0	0	0	0	0	0	1	0	0	0	0	0	0	0	0	0		1	0	0	0	0		-1	-1	-1	16000	0	0		-1	-1	 96eb 578b 9b54 77f3 306e 539f 77f3 3000 30ec 30d9 30eb 0034
0x00000692	0x00004E94	0x0000918C	3482	91	0	0	50	0	-1	170050	-1	0	-1	329	0	-1	-1	-1	1	0	50	0	2	0	0	29	0	0	0	1	1	1	1	1	1	1	1	1	1	1	1	1	1	1	1	1	1	1	1	1	0	1	1	0	0	0	0	1	0	0	0	0	0	0	1	0	0	0	0	0	0	0	0	0		1	0	0	0	0		-1	-1	-1	16000	0	0		-1	-1	 96eb 578b 9b54 77f3 306e 539f 77f3 3000 30ec 30d9 30eb 0035
0x00000693	0x00004F00	0x000091A6	3483	91	0	0	60	0	-1	170060	-1	0	-1	329	0	-1	-1	-1	1	0	50	0	2	0	0	29	0	0	0	1	1	1	1	1	1	1	1	1	1	1	1	1	1	1	1	1	1	1	1	1	0	1	1	0	0	0	0	1	0	0	0	0	0	0	1	0	0	0	0	0	0	0	0	0		1	0	0	0	0		-1	-1	-1	16000	0	0		-1	-1	 96eb 578b 9b54 77f3 306e 539f 77f3 3000 30ec 30d9 30eb 0036
0x00000694	0x00004F6C	0x000091C0	3484	91	0	0	70	0	-1	170070	-1	0	-1	329	0	-1	-1	-1	1	0	50	0	2	0	0	29	0	0	0	1	1	1	1	1	1	1	1	1	1	1	1	1	1	1	1	1	1	1	1	1	0	1	1	0	0	0	0	1	0	0	0	0	0	0	1	0	0	0	0	0	0	0	0	0		1	0	0	0	0		-1	-1	-1	16000	0	0		-1	-1	 96eb 578b 9b54 77f3 306e 539f 77f3 3000 30ec 30d9 30eb 0037
0x000007D0	0x00004FD8	0x000091DA	370	-1	0	0	2400	0	-1	220040	-1	0	-1	42	0	-1	6	-1	1	0	50	0	1	0	0	21	0	0	0	1	1	1	1	1	1	1	1	1	1	1	1	1	1	1	1	1	1	1	1	1	0	1	0	0	0	1	1	1	0	0	0	0	0	0	1	0	0	0	0	0	0	0	0	0		99	0	0	0	18		-1	-1	-1	6000	1	0		-1	-1	 89e6 624b 53ec 559a
0x000007DA	0x00005044	0x000091E4	380	-1	0	0	4800	0	-1	220050	-1	0	-1	43	0	-1	6	-1	1	0	50	0	1	0	0	22	0	0	0	1	1	1	1	1	1	1	1	1	1	1	1	1	1	1	1	1	1	1	1	1	0	1	0	0	0	1	1	1	0	0	0	0	0	0	1	0	0	0	0	0	0	0	0	0		99	0	0	0	40		-1	-1	-1	7000	8	0		-1	-1	 5b87 5b99 53ec 559a
0x000007E4	0x000050B0	0x000091EE	390	-1	0	0	2200	0	-1	220070	-1	0	-1	38	0	-1	6	-1	1	0	50	0	1	0	0	19	0	0	0	1	1	1	1	1	1	1	1	1	1	1	1	1	1	1	1	1	1	1	1	1	0	1	0	0	0	1	1	1	0	0	0	0	0	0	1	0	0	0	0	0	0	0	0	0		99	0	0	0	15		-1	-1	-1	15000	2	0		-1	-1	 30ea 30d5 30ec 30af 30c8 30a6 30a9 30fc 30eb
0x000007EE	0x0000511C	0x00009202	320	10	0	0	400	0	-1	30050	-1	0	-1	39	0	-1	-1	-1	3	0	50	0	1	0	0	10	0	2	0	1	1	1	1	1	1	1	1	1	1	1	1	1	1	1	1	1	1	1	1	1	0	1	1	0	0	0	1	1	0	0	0	0	0	0	1	0	0	0	0	0	0	0	0	0		99	0	0	0	0		-1	-1	-1	16000	0	0		-1	-1	 30cc 30eb 30cc 30eb 5316
0x00000802	0x00005188	0x0000920E	360	-1	0	0	5800	0	-1	220060	-1	0	-1	37	0	-1	6	-1	1	0	50	0	1	0	0	18	0	0	0	1	1	1	1	1	1	1	1	1	1	1	1	1	1	1	1	1	1	1	1	1	0	1	0	0	0	1	1	1	0	0	0	0	0	0	1	0	0	0	0	0	0	0	0	0		99	0	0	0	20		-1	-1	-1	5000	10	0		-1	-1	 7bc4 56f2 56de 5fa9
0x0000080C	0x000051F4	0x00009218	1120	-1	0	0	1000	0	-1	220010	-1	0	-1	40	0	-1	6	-1	1	0	50	0	2	0	0	20	0	2	0	1	1	1	1	1	1	1	1	1	1	1	1	1	1	1	1	1	1	1	1	1	0	1	0	0	0	1	1	1	0	0	0	0	0	0	1	0	0	0	0	0	0	0	0	0		99	0	0	0	15		-1	-1	-1	15000	6	0		-1	-1	 52a0 901f
0x00000816	0x00005260	0x0000921E	410	-1	0	0	2000	0	-1	220020	-1	0	-1	44	0	-1	6	-1	1	0	50	0	1	0	0	23	0	0	0	1	1	1	1	1	1	1	1	1	1	1	1	1	1	1	1	1	1	1	1	1	0	1	0	0	0	1	1	1	0	0	0	0	0	0	1	0	0	0	0	0	0	0	0	0		99	0	0	0	25		-1	-1	-1	8000	6	0		-1	-1	 30ab 30a4 30f3 306e 885d 6483
0x00000820	0x000052CC	0x0000922C	350	-1	0	0	3600	0	-1	220080	-1	0	-1	45	0	-1	6	-1	1	0	50	0	1	0	0	24	0	0	0	1	1	1	1	1	1	1	1	1	1	1	1	1	1	1	1	1	1	1	1	1	0	1	0	0	0	1	1	1	0	0	0	0	0	0	1	0	0	0	0	0	0	0	0	0		99	0	0	0	20		-1	-1	-1	9000	3	0		-1	-1	 8a98 5c0e 5f3e
0x0000082A	0x00005338	0x00009234	310	-1	0	0	200	0	-1	80010	-1	0	-1	46	0	-1	-1	-1	3	0	50	0	1	0	0	25	0	0	0	1	1	1	1	1	1	1	1	1	1	1	1	1	1	1	1	1	1	1	1	1	0	1	1	0	0	0	1	1	0	0	0	0	0	0	1	0	0	0	0	0	0	0	0	0		99	0	0	0	0		-1	-1	-1	16000	0	0		-1	-1	 540c 58eb 8a0e 3061
0x0000083E	0x000053A4	0x0000923E	340	-1	0	0	2400	0	-1	220090	-1	0	-1	41	0	-1	6	-1	1	0	50	0	1	0	0	6	0	2	0	1	1	1	1	1	1	1	1	1	1	1	1	1	1	1	1	1	1	1	1	1	0	1	0	0	0	1	1	1	0	0	0	0	0	0	1	0	0	0	0	0	0	0	0	0		99	0	0	0	10		-1	-1	-1	15000	1	0		-1	-1	 30e1 30c3 30bb 30f3 30b8 30e3 30fc 64ec 614b
0x00000BB8	0x00005410	0x00009252	-1	-1	0	0	200	0	-1	80010	-1	0	-1	83	0	-1	-1	-1	99	0	50	2	0	0	0	0	0	0	0	1	1	1	1	1	1	1	1	1	1	1	1	1	1	1	1	1	1	1	1	1	0	0	1	0	0	0	1	1	0	0	0	0	0	0	1	0	0	0	0	0	0	0	0	0		600	0	0	0	0		-1	-1	-1	0	0	0		-1	-1	 6b66 5668 5f37 5316 7d20 6750 3010 30b3 30e2 30f3 3011
0x00000BC2	0x0000547C	0x0000926A	-1	-1	0	0	400	0	-1	80020	-1	0	-1	84	0	-1	-1	-1	99	0	50	2	0	0	0	0	0	0	0	1	1	1	1	1	1	1	1	1	1	1	1	1	1	1	1	1	1	1	1	1	0	0	1	0	0	0	1	1	0	0	0	0	0	0	1	0	0	0	0	0	0	0	0	0		600	0	0	0	0		-1	-1	-1	0	0	0		-1	-1	 6b66 5668 5f37 5316 7d20 6750 3010 30a2 30f3 30b3 30e2 30f3 3011
0x00000BCC	0x000054E8	0x00009286	-1	-1	0	0	800	0	-1	80030	-1	0	-1	85	0	-1	-1	-1	99	0	50	2	0	0	0	0	0	0	0	1	1	1	1	1	1	1	1	1	1	1	1	1	1	1	1	1	1	1	1	1	0	0	1	0	0	0	1	1	0	0	0	0	0	0	1	0	0	0	0	0	0	0	0	0		600	0	0	0	0		-1	-1	-1	0	0	0		-1	-1	 6b66 5668 5f37 5316 7d20 6750 3010 30ec 30a2 3011
0x00000BD6	0x00005554	0x0000929C	-1	-1	0	0	1600	0	-1	80040	-1	0	-1	86	0	-1	-1	-1	99	0	50	2	0	0	0	0	0	0	0	1	1	1	1	1	1	1	1	1	1	1	1	1	1	1	1	1	1	1	1	1	0	0	1	0	0	0	1	1	0	0	0	0	0	0	1	0	0	0	0	0	0	0	0	0		600	0	0	0	0		-1	-1	-1	0	0	0		-1	-1	 6b66 5668 5f37 5316 7d20 6750 3010 0053 30ec 30a2 3011
0x00000FA0	0x000055C0	0x000092B4	-1	-1	0	0	-1	0	-1	600010	-1	0	-1	111	0	-1	-1	-1	1	0	50	1	0	0	0	0	0	0	0	1	1	1	1	1	1	1	1	1	1	1	1	1	1	1	1	1	1	1	1	1	0	0	1	0	0	0	0	0	0	0	0	0	0	0	0	0	0	0	0	0	0	0	0	0		0	0	0	0	0		-1	-1	-1	0	0	0		-1	-1	 8056 5802 8857 0042 306e 9375
0x00000FA1	0x0000562C	0x000092C2	3392	91	0	0	-1	0	-1	120015	-1	0	-1	112	0	-1	-1	-1	1	0	50	0	2	0	0	29	0	0	0	1	1	1	1	1	1	1	1	1	1	1	1	1	1	1	1	1	1	1	1	1	0	1	1	0	0	0	0	1	0	0	0	0	0	0	1	0	0	0	0	0	0	0	0	0		1	0	0	0	0		-1	-1	-1	16000	0	0		-1	-1	 91d1 306e 30da 30f3 30c0 30f3 30c8
0x00000FA3	0x00005698	0x000092D2	-1	-1	0	0	-1	0	-1	620010	-1	0	-1	113	0	-1	-1	-1	1	0	50	1	0	0	0	0	0	0	0	1	1	1	1	1	1	1	1	1	1	1	1	1	1	1	1	1	1	1	1	1	0	0	1	0	0	0	0	0	0	0	0	0	0	0	0	0	0	0	0	0	0	0	0	0		0	0	0	0	0		-1	-1	-1	0	0	0		-1	-1	 53e4 57ce 3078 306e 62db 5f85 72b6
0x00000FA6	0x00005704	0x000092E2	-1	-1	0	0	-1	0	-1	603020	-1	0	-1	114	0	-1	-1	-1	1	0	50	1	0	0	0	0	0	0	0	1	1	1	1	1	1	1	1	1	1	1	1	1	1	1	1	1	1	1	1	1	0	0	1	0	0	0	0	0	0	0	0	0	0	0	0	0	0	0	0	0	0	0	0	0		0	0	0	0	0		-1	-1	-1	0	0	0		-1	-1	 8056 5802 8857 0043 5b64 5150 9662 0031 0046 306e 9375
0x00000FA9	0x00005770	0x000092FA	-1	-1	0	0	-1	0	-1	604010	-1	0	-1	129	0	-1	-1	-1	1	0	50	1	0	0	0	0	0	0	0	1	1	1	1	1	1	1	1	1	1	1	1	1	1	1	1	1	1	1	1	1	0	0	1	0	0	0	0	0	0	0	0	0	0	0	0	0	0	0	0	0	0	0	0	0		0	0	0	0	0		-1	-1	-1	0	0	0		-1	-1	 90aa 773c 6a4b 306e 9375
0x00000FAA	0x000057DC	0x00009306	-1	-1	0	0	-1	0	-1	603010	-1	0	-1	130	0	-1	-1	-1	1	0	50	1	0	0	0	0	0	0	0	1	1	1	1	1	1	1	1	1	1	1	1	1	1	1	1	1	1	1	1	1	0	0	1	0	0	0	0	0	0	0	0	0	0	0	0	0	0	0	0	0	0	0	0	0		0	0	0	0	0		-1	-1	-1	0	0	0		-1	-1	 8056 5802 8857 0043 3078 306e 9375
0x00000FAB	0x00005848	0x00009316	-1	-1	0	0	-1	0	-1	606010	-1	0	-1	6	0	-1	-1	-1	1	0	50	1	0	0	0	0	0	0	0	1	1	1	1	1	1	1	1	1	1	1	1	1	1	1	1	1	1	1	1	1	0	0	1	0	0	0	0	0	0	0	0	0	0	0	0	0	0	0	0	0	0	0	0	0		0	0	0	0	0		-1	-1	-1	0	0	0		-1	-1	 65e7 5e02 8857 3078 306e 9375
0x00000FAC	0x000058B4	0x00009324	-1	-1	0	0	-1	0	-1	602010	-1	0	-1	116	0	-1	-1	-1	1	0	50	1	0	0	0	0	0	0	0	1	1	1	1	1	1	1	1	1	1	1	1	1	1	1	1	1	1	1	1	1	0	0	1	0	0	0	0	0	0	0	0	0	0	0	0	0	0	0	0	0	0	0	0	0		0	0	0	0	0		-1	-1	-1	0	0	0		-1	-1	 60aa 5922 6559 5ba4 306e 9375
0x00000FAD	0x00005920	0x00009332	-1	-1	0	0	-1	0	-1	601010	-1	0	-1	34	0	-1	-1	-1	1	0	50	1	0	0	0	0	0	0	0	1	1	1	1	1	1	1	1	1	1	1	1	1	1	1	1	1	1	1	1	1	0	0	1	0	0	0	0	0	0	0	0	0	0	0	0	0	0	0	0	0	0	0	0	0		0	0	0	0	0		-1	-1	-1	0	0	0		-1	-1	 30d9 30e9 30f3 30c0 306e 9375
0x00001006	0x0000598C	0x00009340	-1	-1	0	0	-1	0	-1	670040	-1	0	-1	118	0	-1	-1	-1	1	0	50	1	0	0	0	0	0	0	0	1	1	1	1	1	1	1	1	1	1	1	1	1	1	1	1	1	1	1	1	1	0	0	1	0	0	0	0	0	0	0	0	0	0	0	0	0	0	0	0	0	0	0	0	0		0	0	0	0	0		-1	-1	-1	0	0	0		-1	-1	 6b66 5668 5f37 5316 89e3 7981 30a2 30a4 30c6 30e0
0x00001007	0x000059F8	0x00009356	-1	-1	0	0	-1	0	-1	670020	-1	0	-1	119	0	-1	-1	-1	1	0	50	1	0	0	0	0	0	0	0	1	1	1	1	1	1	1	1	1	1	1	1	1	1	1	1	1	1	1	1	1	0	0	1	0	0	0	0	0	0	0	0	0	0	0	0	0	0	0	0	0	0	0	0	0		0	0	0	0	0		-1	-1	-1	0	0	0		-1	-1	 9b54 77f3 7740 8131 89e3 7981 30a2 30a4 30c6 30e0
0x00001008	0x00005A64	0x0000936C	-1	-1	0	0	-1	0	-1	670030	-1	0	-1	120	0	-1	-1	-1	1	0	50	1	0	0	0	0	0	0	0	1	1	1	1	1	1	1	1	1	1	1	1	1	1	1	1	1	1	1	1	1	0	0	1	0	0	0	0	0	0	0	0	0	0	0	0	0	0	0	0	0	0	0	0	0		0	0	0	0	0		-1	-1	-1	0	0	0		-1	-1	 30dc 30c7 30a3 30b8 30a7 30e0 7740 8131 30a2 30a4 30c6 30e0
0x00001009	0x00005AD0	0x00009386	-1	-1	0	0	-1	0	-1	670010	-1	0	-1	8	0	-1	-1	-1	1	0	50	1	0	0	0	0	0	0	0	1	1	1	1	1	1	1	1	1	1	1	1	1	1	1	1	1	1	1	1	1	0	0	1	0	0	0	0	0	0	0	0	0	0	0	0	0	0	0	0	0	0	0	0	0		0	0	0	0	0		-1	-1	-1	0	0	0		-1	-1	 30af 30a4 30c3 30af 30c0 30f3 30b8 30e7 30f3 89e3 7981 30a2 30a4 30c6 30e0
0x0000100E	0x00005B3C	0x000093A6	-1	-1	0	0	-1	0	-1	680010	-1	0	-1	117	0	-1	-1	-1	1	0	50	1	0	0	0	0	0	0	0	1	1	1	1	1	1	1	1	1	1	1	1	1	1	1	1	1	1	1	1	1	0	0	1	0	0	0	0	0	0	0	0	0	0	0	0	0	0	0	0	0	0	0	0	0		0	0	0	0	0		-1	-1	-1	0	0	0		-1	-1	 30b7 30e7 30c3 30d7 89e3 7981 3000 5de5 623f 30b7 30e7 30c3 30d7 0041
0x0000100F	0x00005BA8	0x000093C4	-1	-1	0	0	-1	0	-1	680040	-1	0	-1	139	0	-1	-1	-1	1	0	50	1	0	0	0	0	0	0	0	1	1	1	1	1	1	1	1	1	1	1	1	1	1	1	1	1	1	1	1	1	0	0	1	0	0	0	0	0	0	0	0	0	0	0	0	0	0	0	0	0	0	0	0	0		0	0	0	0	0		-1	-1	-1	0	0	0		-1	-1	 30b7 30e7 30c3 30d7 89e3 7981 3000 5de5 623f 30b7 30e7 30c3 30d7 0044
0x00001010	0x00005C14	0x000093E2	-1	-1	0	0	-1	0	-1	680020	-1	0	-1	140	0	-1	-1	-1	1	0	50	1	0	0	0	0	0	0	0	1	1	1	1	1	1	1	1	1	1	1	1	1	1	1	1	1	1	1	1	1	0	0	1	0	0	0	0	0	0	0	0	0	0	0	0	0	0	0	0	0	0	0	0	0		0	0	0	0	0		-1	-1	-1	0	0	0		-1	-1	 30b7 30e7 30c3 30d7 89e3 7981 3000 5de5 623f 30b7 30e7 30c3 30d7 0042
0x00001011	0x00005C80	0x00009400	-1	-1	0	0	-1	0	-1	680030	-1	0	-1	141	0	-1	-1	-1	1	0	50	1	0	0	0	0	0	0	0	1	1	1	1	1	1	1	1	1	1	1	1	1	1	1	1	1	1	1	1	1	0	0	1	0	0	0	0	0	0	0	0	0	0	0	0	0	0	0	0	0	0	0	0	0		0	0	0	0	0		-1	-1	-1	0	0	0		-1	-1	 30b7 30e7 30c3 30d7 89e3 7981 3000 5de5 623f 30b7 30e7 30c3 30d7 0043
0x00001012	0x00005CEC	0x0000941E	-1	-1	0	0	-1	0	-1	680060	-1	0	-1	142	0	-1	-1	-1	1	0	50	1	0	0	0	0	0	0	0	1	1	1	1	1	1	1	1	1	1	1	1	1	1	1	1	1	1	1	1	1	0	0	1	0	0	0	0	0	0	0	0	0	0	0	0	0	0	0	0	0	0	0	0	0		0	0	0	0	0		-1	-1	-1	0	0	0		-1	-1	 30b7 30e7 30c3 30d7 89e3 7981 3000 6559 4f1a 30b7 30e7 30c3 30d7 0041
0x00001013	0x00005D58	0x0000943C	-1	-1	0	0	-1	0	-1	680070	-1	0	-1	143	0	-1	-1	-1	1	0	50	1	0	0	0	0	0	0	0	1	1	1	1	1	1	1	1	1	1	1	1	1	1	1	1	1	1	1	1	1	0	0	1	0	0	0	0	0	0	0	0	0	0	0	0	0	0	0	0	0	0	0	0	0		0	0	0	0	0		-1	-1	-1	0	0	0		-1	-1	 30b7 30e7 30c3 30d7 89e3 7981 3000 6559 4f1a 30b7 30e7 30c3 30d7 0042
0x00001014	0x00005DC4	0x0000945A	-1	-1	0	0	-1	0	-1	680080	-1	0	-1	144	0	-1	-1	-1	1	0	50	1	0	0	0	0	0	0	0	1	1	1	1	1	1	1	1	1	1	1	1	1	1	1	1	1	1	1	1	1	0	0	1	0	0	0	0	0	0	0	0	0	0	0	0	0	0	0	0	0	0	0	0	0		0	0	0	0	0		-1	-1	-1	0	0	0		-1	-1	 30b7 30e7 30c3 30d7 89e3 7981 3000 6559 4f1a 30b7 30e7 30c3 30d7 0043
0x00001015	0x00005E30	0x00009478	-1	-1	0	0	-1	0	-1	680090	-1	0	-1	145	0	-1	-1	-1	1	0	50	1	0	0	0	0	0	0	0	1	1	1	1	1	1	1	1	1	1	1	1	1	1	1	1	1	1	1	1	1	0	0	1	0	0	0	0	0	0	0	0	0	0	0	0	0	0	0	0	0	0	0	0	0		0	0	0	0	0		-1	-1	-1	0	0	0		-1	-1	 30b7 30e7 30c3 30d7 89e3 7981 3000 30f4 30a1 30f3 30d1 30a4 30a2
0x00001016	0x00005E9C	0x00009494	-1	-1	0	0	-1	0	-1	680050	-1	0	-1	182	0	-1	-1	-1	1	0	50	1	0	0	0	0	0	0	0	1	1	1	1	1	1	1	1	1	1	1	1	1	1	1	1	1	1	1	1	1	0	0	1	0	0	0	0	0	0	0	0	0	0	0	0	0	0	0	0	0	0	0	0	0		0	0	0	0	0		-1	-1	-1	0	0	0		-1	-1	 30b7 30e7 30c3 30d7 89e3 7981 3000 5de5 623f 30b7 30e7 30c3 30d7 0045
0x00001017	0x00005F08	0x000094B2	-1	-1	0	0	-1	0	-1	680085	-1	0	-1	19	0	-1	-1	-1	1	0	50	1	0	0	0	0	0	0	0	1	1	1	1	1	1	1	1	1	1	1	1	1	1	1	1	1	1	1	1	1	0	0	1	0	0	0	0	0	0	0	0	0	0	0	0	0	0	0	0	0	0	0	0	0		0	0	0	0	0		-1	-1	-1	0	0	0		-1	-1	 30b7 30e7 30c3 30d7 89e3 7981 3000 6559 4f1a 30b7 30e7 30c3 30d7 0044
0x000010CC	0x00005F74	0x000094D0	-1	-1	0	0	-1	0	-1	625010	-1	0	-1	180	0	-1	-1	-1	1	0	50	1	0	0	0	0	0	0	0	1	1	1	1	1	1	1	1	1	1	1	1	1	1	1	1	1	1	1	1	1	0	0	1	0	0	0	0	0	0	0	0	0	0	0	0	0	0	0	0	0	0	0	0	0		0	0	0	0	0		-1	-1	-1	0	0	0		-1	-1	 4eba 5f62 306b 3086 304b 308a 306e 3042 308b 3082 306e
0x000010CD	0x00005FE0	0x000094E8	3391	91	0	0	-1	0	-1	120020	-1	0	-1	181	0	-1	-1	-1	1	0	50	0	2	0	0	29	0	0	0	1	1	1	1	1	1	1	1	1	1	1	1	1	1	1	1	1	1	1	1	1	0	1	1	0	0	0	0	1	0	0	0	0	0	0	1	0	0	0	0	0	0	0	0	0		1	0	0	0	0		-1	-1	-1	16000	0	0		-1	-1	 4eba 5f62 306e 6d99
0x000010D0	0x0000604C	0x000094F2	-1	-1	0	0	-1	0	-1	630010	-1	0	-1	185	0	-1	-1	-1	1	0	50	1	0	0	0	0	0	0	0	1	1	1	1	1	1	1	1	1	1	1	1	1	1	1	1	1	1	1	1	1	0	0	1	0	0	0	0	0	0	0	0	0	0	0	0	0	0	0	0	0	0	0	0	0		0	0	0	0	0		-1	-1	-1	0	0	0		-1	-1	 5a5a 7d04 6307 8f2a
0x000010D1	0x000060B8	0x000094FC	-1	-1	0	0	-1	0	-1	630020	-1	0	-1	186	0	-1	-1	-1	1	0	50	1	0	0	0	0	0	0	0	1	1	1	1	1	1	1	1	1	1	1	1	1	1	1	1	1	1	1	1	1	0	0	1	0	0	0	0	0	0	0	0	0	0	0	0	0	0	0	0	0	0	0	0	0		0	0	0	0	0		-1	-1	-1	0	0	0		-1	-1	 30d4 30f3 30af 8272 306e 8089 7247
0x000010D2	0x00006124	0x0000950C	3390	91	0	0	-1	0	-1	120010	-1	10010843	-1	187	0	-1	-1	-1	1	0	50	0	2	0	0	29	1	0	0	1	1	1	1	1	1	1	1	1	1	1	1	1	1	1	1	1	1	1	1	1	0	1	1	0	0	0	0	1	0	0	0	0	0	0	1	0	0	0	0	0	0	0	0	0		1	0	0	0	0		-1	-1	-1	16000	0	0		-1	-1	 771f 3063 8d64 306a 30d6 30ed 30fc 30c1
0x000010D4	0x00006190	0x0000951E	-1	-1	0	0	-1	0	-1	620020	-1	0	-1	189	0	-1	-1	-1	1	0	50	1	0	0	0	0	0	0	0	1	1	1	1	1	1	1	1	1	1	1	1	1	1	1	1	1	1	1	1	1	0	0	1	0	0	0	0	0	0	0	0	0	0	0	0	0	0	0	0	0	0	0	0	0		0	0	0	0	0		-1	-1	-1	0	0	0		-1	-1	 53e4 57ce 3078 306e 62db 5f85 72b6 ff08 7121 8a18 540d ff09
0x000010D6	0x000061FC	0x00009538	-1	-1	0	0	-1	0	-1	640010	-1	0	-1	191	0	-1	-1	-1	1	0	50	1	0	0	0	0	0	0	0	1	1	1	1	1	1	1	1	1	1	1	1	1	1	1	1	1	1	1	1	1	0	0	1	0	0	0	0	0	0	0	0	0	0	0	0	0	0	0	0	0	0	0	0	0		0	0	0	0	0		-1	-1	-1	0	0	0		-1	-1	 90aa 795e 6295 3052 3067 6545 90f7 3078 30ef 30fc 30d7 3067 304d 308b 30a2 30a4 30c6 30e0
0x000010E0	0x00006268	0x0000955E	4685	97	0	0	-1	0	-1	110030	-1	10010844	-1	35	0	-1	-1	-1	1	0	50	0	2	0	0	9	1	0	0	1	1	1	1	1	1	1	1	1	1	1	1	1	1	1	1	1	1	1	1	1	0	1	1	0	0	1	1	0	0	0	0	0	0	0	1	0	0	0	0	0	0	0	0	0		0	0	0	0	0		-1	-1	-1	16000	0	0		-1	-1	 0033 672c 76ee 306e 3078 305d 306e 7dd2 0041
0x000010E1	0x000062D4	0x00009572	4686	97	0	0	-1	0	-1	110040	-1	10010845	-1	63	0	-1	-1	-1	1	0	50	0	2	0	0	9	1	0	0	1	1	1	1	1	1	1	1	1	1	1	1	1	1	1	1	1	1	1	1	1	0	1	1	0	0	1	1	0	0	0	0	0	0	0	1	0	0	0	0	0	0	0	0	0		0	0	0	0	0		-1	-1	-1	16000	0	0		-1	-1	 0033 672c 76ee 306e 3078 305d 306e 7dd2 0042
0x000010E2	0x00006340	0x00009586	4687	97	0	0	-1	0	-1	110050	-1	10010846	-1	64	0	-1	-1	-1	1	0	50	0	2	0	0	9	1	0	0	1	1	1	1	1	1	1	1	1	1	1	1	1	1	1	1	1	1	1	1	1	0	1	1	0	0	1	1	0	0	0	0	0	0	0	1	0	0	0	0	0	0	0	0	0		0	0	0	0	0		-1	-1	-1	16000	0	0		-1	-1	 0034 672c 76ee 306e 3078 305d 306e 7dd2 0041
0x000010E3	0x000063AC	0x0000959A	4688	97	0	0	-1	0	-1	110060	-1	10010847	-1	65	0	-1	-1	-1	1	0	50	0	2	0	0	9	1	0	0	1	1	1	1	1	1	1	1	1	1	1	1	1	1	1	1	1	1	1	1	1	0	1	1	0	0	1	1	0	0	0	0	0	0	0	1	0	0	0	0	0	0	0	0	0		0	0	0	0	0		-1	-1	-1	16000	0	0		-1	-1	 0034 672c 76ee 306e 3078 305d 306e 7dd2 0042
0x000010EA	0x00006418	0x000095AE	-1	-1	0	0	-1	0	-1	660010	-1	0	-1	36	0	-1	-1	-1	1	0	50	1	0	0	0	0	0	0	0	1	1	1	1	1	1	1	1	1	1	1	1	1	1	1	1	1	1	1	1	1	0	0	1	0	0	0	0	0	0	0	0	0	0	0	0	0	0	0	0	0	0	0	0	0		0	0	0	0	0		-1	-1	-1	0	0	0		-1	-1	 6df1 304d 5f7c 65b9 306e 6700 7d42 8056 676f
0x00001324	0x00006484	0x000095C2	-1	-1	0	0	-1	0	-1	710040	-1	0	-1	58	0	-1	-1	-1	1	0	50	1	0	0	0	0	0	0	0	1	1	1	1	1	1	1	1	1	1	1	1	1	1	1	1	1	1	1	1	1	0	0	1	0	0	0	0	0	0	0	0	0	0	0	0	0	0	0	0	0	0	0	0	0		0	0	0	0	0		-1	-1	-1	0	0	0		-1	-1	 30e1 30c3 30bb 30f3 30b8 30e3 30fc 88c5 5099 ff08 5e3d 5b50 0041 ff09
0x00001325	0x000064F0	0x000095E0	-1	-1	0	0	-1	0	-1	710020	-1	0	-1	59	0	-1	-1	-1	1	0	50	1	0	0	0	0	0	0	0	1	1	1	1	1	1	1	1	1	1	1	1	1	1	1	1	1	1	1	1	1	0	0	1	0	0	0	0	0	0	0	0	0	0	0	0	0	0	0	0	0	0	0	0	0		0	0	0	0	0		-1	-1	-1	0	0	0		-1	-1	 30e1 30c3 30bb 30f3 30b8 30e3 30fc 88c5 5099 ff08 5e3d 5b50 0042 ff09
0x00001326	0x0000655C	0x000095FE	-1	-1	0	0	-1	0	-1	710050	-1	0	-1	60	0	-1	-1	-1	1	0	50	1	0	0	0	0	0	0	0	1	1	1	1	1	1	1	1	1	1	1	1	1	1	1	1	1	1	1	1	1	0	0	1	0	0	0	0	0	0	0	0	0	0	0	0	0	0	0	0	0	0	0	0	0		0	0	0	0	0		-1	-1	-1	0	0	0		-1	-1	 30e1 30c3 30bb 30f3 30b8 30e3 30fc 88c5 5099 ff08 5305 5e2f ff09
0x00001327	0x000065C8	0x0000961A	-1	-1	0	0	-1	0	-1	710070	-1	0	-1	61	0	-1	-1	-1	1	0	50	1	0	0	0	0	0	0	0	1	1	1	1	1	1	1	1	1	1	1	1	1	1	1	1	1	1	1	1	1	0	0	1	0	0	0	0	0	0	0	0	0	0	0	0	0	0	0	0	0	0	0	0	0		0	0	0	0	0		-1	-1	-1	0	0	0		-1	-1	 30e1 30c3 30bb 30f3 30b8 30e3 30fc 88c5 5099 ff08 767d 3044 30ea 30dc 30f3 ff09
0x00001328	0x00006634	0x0000963C	-1	-1	0	0	-1	0	-1	710080	-1	0	-1	62	0	-1	-1	-1	1	0	50	1	0	0	0	0	0	0	0	1	1	1	1	1	1	1	1	1	1	1	1	1	1	1	1	1	1	1	1	1	0	0	1	0	0	0	0	0	0	0	0	0	0	0	0	0	0	0	0	0	0	0	0	0		0	0	0	0	0		-1	-1	-1	0	0	0		-1	-1	 30e1 30c3 30bb 30f3 30b8 30e3 30fc 88c5 5099 ff08 81d3 7269 307e 307f 308c 306e 767d 3044 30ea 30dc 30f3 ff09
0x00001329	0x000066A0	0x0000966A	-1	-1	0	0	-1	0	-1	710010	-1	0	-1	66	0	-1	-1	-1	1	0	50	1	0	0	0	0	0	0	0	1	1	1	1	1	1	1	1	1	1	1	1	1	1	1	1	1	1	1	1	1	0	0	1	0	0	0	0	0	0	0	0	0	0	0	0	0	0	0	0	0	0	0	0	0		0	0	0	0	0		-1	-1	-1	0	0	0		-1	-1	 30e1 30c3 30bb 30f3 30b8 30e3 30fc 88c5 5099 ff08 4f7f 8005 306e 3057 3063 304b 308a 30c8 30c3 30d7 ff08 3088 308c 3088 308c 3067 306a 3044 30c8 30c3 30d7 30cf 30c3 30c8 ff09 ff09
0x0000132A	0x0000670C	0x000096B4	-1	-1	0	0	-1	0	-1	710030	-1	0	-1	67	0	-1	-1	-1	1	0	50	1	0	0	0	0	0	0	0	1	1	1	1	1	1	1	1	1	1	1	1	1	1	1	1	1	1	1	1	1	0	0	1	0	0	0	0	0	0	0	0	0	0	0	0	0	0	0	0	0	0	0	0	0		0	0	0	0	0		-1	-1	-1	0	0	0		-1	-1	 30e1 30c3 30bb 30f3 30b8 30e3 30fc 88c5 5099 ff08 4f7f 8005 306e 6559 4f1a 5e3d 5b50 ff09
0x0000132B	0x00006778	0x000096DA	-1	-1	0	0	-1	0	-1	710060	-1	0	-1	68	0	-1	-1	-1	1	0	50	1	0	0	0	0	0	0	0	1	1	1	1	1	1	1	1	1	1	1	1	1	1	1	1	1	1	1	1	1	0	0	1	0	0	0	0	0	0	0	0	0	0	0	0	0	0	0	0	0	0	0	0	0		0	0	0	0	0		-1	-1	-1	0	0	0		-1	-1	 30e1 30c3 30bb 30f3 30b8 30e3 30fc 88c5 5099 ff08 4f7f 8005 306e 8840 5857 308c 5305 5e2f ff09
0x0000132C	0x000067E4	0x00009702	-1	-1	0	0	-1	0	-1	710090	-1	0	-1	69	0	-1	-1	-1	1	0	50	1	0	0	0	0	0	0	0	1	1	1	1	1	1	1	1	1	1	1	1	1	1	1	1	1	1	1	1	1	0	0	1	0	0	0	0	0	0	0	0	0	0	0	0	0	0	0	0	0	0	0	0	0		0	0	0	0	0		-1	-1	-1	0	0	0		-1	-1	 30e1 30c3 30bb 30f3 30b8 30e3 30fc 88c5 5099 ff08 4f7f 8005 306e 58fa 796d 308a ff09
0x000017D4	0x00006850	0x00009726	-1	-1	0	0	-1	0	-1	10020	-1	0	-1	202	0	-1	-1	-1	1	0	50	6	0	0	0	0	0	0	0	1	1	1	1	1	1	1	1	1	1	1	1	1	1	1	1	1	1	1	1	1	0	0	0	0	0	1	0	1	0	0	0	0	0	0	0	0	0	0	0	0	0	0	0	0		99	0	0	0	0		-1	-1	-1	0	0	0		-1	-1	 81ea 52d5 751f 6210 8056 676f 3010 30ec 30d9 30eb 0031 3011 30c8 30a5 30e1 30eb
0x000017DD	0x000068BC	0x00009748	-1	-1	0	0	-1	0	-1	10010	-1	0	-1	192	0	-1	-1	31	1	0	50	6	0	0	0	0	0	0	0	1	1	1	1	1	1	1	1	1	1	1	1	1	1	1	1	1	1	1	1	1	0	0	0	0	0	1	0	1	0	0	0	0	0	0	0	0	0	0	0	0	0	0	0	0		99	0	0	0	0		-1	-1	-1	0	0	0		-1	-1	 56fa 5b9a 8056 676f 3010 30ec 30d9 30eb 0031 3011 30c8 30a5 30e1 30eb
0x00001838	0x00006928	0x00009766	-1	-1	0	0	-1	0	-1	20020	-1	0	-1	203	0	-1	-1	-1	1	0	50	6	0	0	0	0	0	0	0	1	1	1	1	1	1	1	1	1	1	1	1	1	1	1	1	1	1	1	1	1	0	0	0	0	0	1	0	1	0	0	0	0	0	0	0	0	0	0	0	0	0	0	0	0		99	0	0	0	0		-1	-1	-1	0	0	0		-1	-1	 81ea 52d5 751f 6210 8056 676f 3010 30ec 30d9 30eb 0032 3011 30c8 30a5 30e1 30eb
0x00001841	0x00006994	0x00009788	-1	-1	0	0	-1	0	-1	20010	-1	0	-1	193	0	-1	-1	31	1	0	50	6	0	0	0	0	0	0	0	1	1	1	1	1	1	1	1	1	1	1	1	1	1	1	1	1	1	1	1	1	0	0	0	0	0	1	0	1	0	0	0	0	0	0	0	0	0	0	0	0	0	0	0	0		99	0	0	0	0		-1	-1	-1	0	0	0		-1	-1	 56fa 5b9a 8056 676f 3010 30ec 30d9 30eb 0032 3011 30c8 30a5 30e1 30eb
0x00001842	0x00006A00	0x000097A6	-1	-1	0	0	-1	0	-1	100020	-1	0	-1	204	0	-1	-1	-1	1	0	50	6	0	0	0	0	0	0	0	1	1	1	1	1	1	1	1	1	1	1	1	1	1	1	1	1	1	1	1	1	0	0	0	0	0	1	0	1	0	0	0	0	0	0	0	0	0	0	0	0	0	0	0	0		99	0	0	0	0		-1	-1	-1	0	0	0		-1	-1	 81ea 52d5 751f 6210 8056 676f 3010 30ec 30d9 30eb 0032 3011 50fb 5893
0x0000184B	0x00006A6C	0x000097C4	-1	-1	0	0	-1	0	-1	100010	-1	0	-1	194	0	-1	-1	-1	1	0	50	6	0	0	0	0	0	0	0	1	1	1	1	1	1	1	1	1	1	1	1	1	1	1	1	1	1	1	1	1	0	0	0	0	0	1	0	1	0	0	0	0	0	0	0	0	0	0	0	0	0	0	0	0		99	0	0	0	0		-1	-1	-1	0	0	0		-1	-1	 56fa 5b9a 8056 676f 3010 30ec 30d9 30eb 0032 3011 50fb 5893
0x0000189C	0x00006AD8	0x000097DE	-1	-1	0	0	-1	0	-1	30020	-1	0	-1	205	0	-1	-1	-1	1	0	50	6	0	0	0	0	0	0	0	1	1	1	1	1	1	1	1	1	1	1	1	1	1	1	1	1	1	1	1	1	0	0	0	0	0	1	0	1	0	0	0	0	0	0	0	0	0	0	0	0	0	0	0	0		99	0	0	0	0		-1	-1	-1	0	0	0		-1	-1	 81ea 52d5 751f 6210 8056 676f 3010 30ec 30d9 30eb 0033 3011 30c8 30a5 30e1 30eb
0x0000189E	0x00006B44	0x00009800	-1	-1	0	0	-1	0	-1	30030	-1	0	-1	206	0	-1	-1	-1	1	0	50	6	0	0	0	0	0	0	0	1	1	1	1	1	1	1	1	1	1	1	1	1	1	1	1	1	1	1	1	1	0	0	0	0	0	1	0	1	0	0	0	0	0	0	0	0	0	0	0	0	0	0	0	0		99	0	0	0	0		-1	-1	-1	0	0	0		-1	-1	 81ea 52d5 751f 6210 8056 676f 3010 30ec 30d9 30eb 0033 3011 30c8 30a5 30e1 30eb 005f 30de 30eb 30c1
0x000018A5	0x00006BB0	0x0000982A	-1	-1	0	0	-1	0	-1	30010	-1	0	-1	195	0	-1	-1	31	1	0	50	6	0	0	0	0	0	0	0	1	1	1	1	1	1	1	1	1	1	1	1	1	1	1	1	1	1	1	1	1	0	0	0	0	0	1	0	1	0	0	0	0	0	0	0	0	0	0	0	0	0	0	0	0		99	0	0	0	0		-1	-1	-1	0	0	0		-1	-1	 56fa 5b9a 8056 676f 3010 30ec 30d9 30eb 0033 3011 30c8 30a5 30e1 30eb
0x000018A6	0x00006C1C	0x00009848	-1	-1	0	0	-1	0	-1	110020	-1	0	-1	207	0	-1	-1	-1	1	0	50	6	0	0	0	0	0	0	0	1	1	1	1	1	1	1	1	1	1	1	1	1	1	1	1	1	1	1	1	1	0	0	0	0	0	1	0	1	0	0	0	0	0	0	0	0	0	0	0	0	0	0	0	0		99	0	0	0	0		-1	-1	-1	0	0	0		-1	-1	 81ea 52d5 751f 6210 8056 676f 3010 30ec 30d9 30eb 0033 3011 50fb 5893
0x000018A8	0x00006C88	0x00009866	-1	-1	0	0	-1	0	-1	110030	-1	0	-1	208	0	-1	-1	-1	1	0	50	6	0	0	0	0	0	0	0	1	1	1	1	1	1	1	1	1	1	1	1	1	1	1	1	1	1	1	1	1	0	0	0	0	0	1	0	1	0	0	0	0	0	0	0	0	0	0	0	0	0	0	0	0		99	0	0	0	0		-1	-1	-1	0	0	0		-1	-1	 81ea 52d5 751f 6210 8056 676f 3010 30ec 30d9 30eb 0033 3011 50fb 5893 005f 30de 30eb 30c1
0x000018AF	0x00006CF4	0x0000988C	-1	-1	0	0	-1	0	-1	110010	-1	0	-1	196	0	-1	-1	-1	1	0	50	6	0	0	0	0	0	0	0	1	1	1	1	1	1	1	1	1	1	1	1	1	1	1	1	1	1	1	1	1	0	0	0	0	0	1	0	1	0	0	0	0	0	0	0	0	0	0	0	0	0	0	0	0		99	0	0	0	0		-1	-1	-1	0	0	0		-1	-1	 56fa 5b9a 8056 676f 3010 30ec 30d9 30eb 0033 3011 50fb 5893
0x00001901	0x00006D60	0x000098A6	-1	-1	0	0	-1	0	-1	40020	-1	0	-1	209	0	-1	-1	-1	1	0	50	6	0	0	0	0	0	0	0	1	1	1	1	1	1	1	1	1	1	1	1	1	1	1	1	1	1	1	1	1	0	0	0	0	0	1	0	1	0	0	0	0	0	0	0	0	0	0	0	0	0	0	0	0		99	0	0	0	0		-1	-1	-1	0	0	0		-1	-1	 81ea 52d5 751f 6210 8056 676f 3010 30ec 30d9 30eb 0034 3011 30c8 30a5 30e1 30eb 005f 546a 3044
0x00001909	0x00006DCC	0x000098CE	-1	-1	0	0	-1	0	-1	40010	-1	0	-1	197	0	-1	-1	31	1	0	50	6	0	0	0	0	0	0	0	1	1	1	1	1	1	1	1	1	1	1	1	1	1	1	1	1	1	1	1	1	0	0	0	0	0	1	0	1	0	0	0	0	0	0	0	0	0	0	0	0	0	0	0	0		99	0	0	0	0		-1	-1	-1	0	0	0		-1	-1	 56fa 5b9a 8056 676f 3010 30ec 30d9 30eb 0034 3011 30c8 30a5 30e1 30eb 005f 546a 3044
0x00001914	0x00006E38	0x000098F2	-1	-1	0	0	-1	0	-1	120020	-1	0	-1	210	0	-1	-1	-1	1	0	50	6	0	0	0	0	0	0	0	1	1	1	1	1	1	1	1	1	1	1	1	1	1	1	1	1	1	1	1	1	0	0	0	0	0	1	0	1	0	0	0	0	0	0	0	0	0	0	0	0	0	0	0	0		99	0	0	0	0		-1	-1	-1	0	0	0		-1	-1	 81ea 52d5 751f 6210 8056 676f 3010 30ec 30d9 30eb 0034 3011 30ed 30fc 30e9 30f3
0x0000191D	0x00006EA4	0x00009914	-1	-1	0	0	-1	0	-1	120010	-1	0	-1	198	0	-1	-1	32	1	0	50	6	0	0	0	0	0	0	0	1	1	1	1	1	1	1	1	1	1	1	1	1	1	1	1	1	1	1	1	1	0	0	0	0	0	1	0	1	0	0	0	0	0	0	0	0	0	0	0	0	0	0	0	0		99	0	0	0	0		-1	-1	-1	0	0	0		-1	-1	 56fa 5b9a 8056 676f 3010 30ec 30d9 30eb 0034 3011 30ed 30fc 30e9 30f3
0x00001964	0x00006F10	0x00009932	-1	-1	0	0	-1	0	-1	50020	-1	0	-1	211	0	-1	-1	-1	1	0	50	6	0	0	0	0	0	0	0	1	1	1	1	1	1	1	1	1	1	1	1	1	1	1	1	1	1	1	1	1	0	0	0	0	0	1	0	1	0	0	0	0	0	0	0	0	0	0	0	0	0	0	0	0		99	0	0	0	0		-1	-1	-1	0	0	0		-1	-1	 81ea 52d5 751f 6210 8056 676f 3010 30ec 30d9 30eb 0035 3011 30c8 30a5 30e1 30eb
0x00001966	0x00006F7C	0x00009954	-1	-1	0	0	-1	0	-1	50030	-1	0	-1	212	0	-1	-1	-1	1	0	50	6	0	0	0	0	0	0	0	1	1	1	1	1	1	1	1	1	1	1	1	1	1	1	1	1	1	1	1	1	0	0	0	0	0	1	0	1	0	0	0	0	0	0	0	0	0	0	0	0	0	0	0	0		99	0	0	0	0		-1	-1	-1	0	0	0		-1	-1	 81ea 52d5 751f 6210 8056 676f 3010 30ec 30d9 30eb 0035 3011 30c8 30a5 30e1 30eb 005f 30de 30eb 30c1
0x0000196D	0x00006FE8	0x0000997E	-1	-1	0	0	-1	0	-1	50010	-1	0	-1	199	0	-1	-1	31	1	0	50	6	0	0	0	0	0	0	0	1	1	1	1	1	1	1	1	1	1	1	1	1	1	1	1	1	1	1	1	1	0	0	0	0	0	1	0	1	0	0	0	0	0	0	0	0	0	0	0	0	0	0	0	0		99	0	0	0	0		-1	-1	-1	0	0	0		-1	-1	 56fa 5b9a 8056 676f 3010 30ec 30d9 30eb 0035 3011 30c8 30a5 30e1 30eb
0x00001978	0x00007054	0x0000999C	-1	-1	0	0	-1	0	-1	130020	-1	0	-1	213	0	-1	-1	-1	1	0	50	6	0	0	0	0	0	0	0	1	1	1	1	1	1	1	1	1	1	1	1	1	1	1	1	1	1	1	1	1	0	0	0	0	0	1	0	1	0	0	0	0	0	0	0	0	0	0	0	0	0	0	0	0		99	0	0	0	0		-1	-1	-1	0	0	0		-1	-1	 81ea 52d5 751f 6210 8056 676f 3010 30ec 30d9 30eb 0035 3011 30ed 30fc 30e9 30f3
0x0000197A	0x000070C0	0x000099BE	-1	-1	0	0	-1	0	-1	130030	-1	0	-1	214	0	-1	-1	-1	1	0	50	6	0	0	0	0	0	0	0	1	1	1	1	1	1	1	1	1	1	1	1	1	1	1	1	1	1	1	1	1	0	0	0	0	0	1	0	1	0	0	0	0	0	0	0	0	0	0	0	0	0	0	0	0		99	0	0	0	0		-1	-1	-1	0	0	0		-1	-1	 81ea 52d5 751f 6210 8056 676f 3010 30ec 30d9 30eb 0035 3011 30ed 30fc 30e9 30f3 005f 30de 30eb 30c1
0x00001981	0x0000712C	0x000099E8	-1	-1	0	0	-1	0	-1	130010	-1	0	-1	200	0	-1	-1	32	1	0	50	6	0	0	0	0	0	0	0	1	1	1	1	1	1	1	1	1	1	1	1	1	1	1	1	1	1	1	1	1	0	0	0	0	0	1	0	1	0	0	0	0	0	0	0	0	0	0	0	0	0	0	0	0		99	0	0	0	0		-1	-1	-1	0	0	0		-1	-1	 56fa 5b9a 8056 676f 3010 30ec 30d9 30eb 0035 3011 30ed 30fc 30e9 30f3
0x00001982	0x00007198	0x00009A06	-1	-1	0	0	-1	0	-1	161020	-1	0	-1	215	0	-1	-1	-1	1	0	50	6	0	0	0	0	0	0	0	1	1	1	1	1	1	1	1	1	1	1	1	1	1	1	1	1	1	1	1	1	0	0	0	0	0	1	0	1	0	0	0	0	0	0	0	0	0	0	0	0	0	0	0	0		99	0	0	0	0		-1	-1	-1	0	0	0		-1	-1	 81ea 52d5 751f 6210 8056 676f 3010 30ec 30d9 30eb 0035 3011 30a4 30ba
0x00001984	0x00007204	0x00009A24	-1	-1	0	0	-1	0	-1	161030	-1	0	-1	216	0	-1	-1	-1	1	0	50	6	0	0	0	0	0	0	0	1	1	1	1	1	1	1	1	1	1	1	1	1	1	1	1	1	1	1	1	1	0	0	0	0	0	1	0	1	0	0	0	0	0	0	0	0	0	0	0	0	0	0	0	0		99	0	0	0	0		-1	-1	-1	0	0	0		-1	-1	 81ea 52d5 751f 6210 8056 676f 3010 30ec 30d9 30eb 0035 3011 30a4 30ba 005f 30de 30eb 30c1
0x0000198B	0x00007270	0x00009A4A	-1	-1	0	0	-1	0	-1	161010	-1	0	-1	201	0	-1	-1	33	1	0	50	6	0	0	0	0	0	0	0	1	1	1	1	1	1	1	1	1	1	1	1	1	1	1	1	1	1	1	1	1	0	0	0	0	0	1	0	1	0	0	0	0	0	0	0	0	0	0	0	0	0	0	0	0		99	0	0	0	0		-1	-1	-1	0	0	0		-1	-1	 56fa 5b9a 8056 676f 3010 30ec 30d9 30eb 0035 3011 30a4 30ba
0x00001B58	0x000072DC	0x00009A64	-1	-1	0	2	500	0	-1	200010	-1	0	-1	87	0	-1	-1	-1	99	0	50	2	0	0	0	0	0	0	0	1	1	1	1	1	1	1	1	1	1	1	1	1	1	1	1	1	1	1	1	1	0	0	1	0	0	0	1	1	0	0	0	0	0	0	0	0	0	0	0	0	0	0	0	0		600	0	0	0	0		-1	-1	-1	0	0	0		-1	-1	 5100 5f0f 7d20 6750 3010 30b3 30e2 30f3 0041 3011 30ec 30d9 30eb 0031
0x00001B59	0x00007348	0x00009A82	-1	-1	0	5	1200	0	-1	200020	-1	0	-1	88	0	-1	-1	-1	99	0	50	2	0	0	0	0	0	0	0	1	1	1	1	1	1	1	1	1	1	1	1	1	1	1	1	1	1	1	1	1	0	0	1	0	0	0	1	1	0	0	0	0	0	0	0	0	0	0	0	0	0	0	0	0		600	0	0	0	0		-1	-1	-1	0	0	0		-1	-1	 5100 5f0f 7d20 6750 3010 30b3 30e2 30f3 0041 3011 30ec 30d9 30eb 0032
0x00001B5A	0x000073B4	0x00009AA0	-1	-1	0	7	2400	0	-1	200030	-1	0	-1	89	0	-1	-1	-1	99	0	50	2	0	0	0	0	0	0	0	1	1	1	1	1	1	1	1	1	1	1	1	1	1	1	1	1	1	1	1	1	0	0	1	0	0	0	1	1	0	0	0	0	0	0	0	0	0	0	0	0	0	0	0	0		600	0	0	0	0		-1	-1	-1	0	0	0		-1	-1	 5100 5f0f 7d20 6750 3010 30b3 30e2 30f3 0041 3011 30ec 30d9 30eb 0033
0x00001B5B	0x00007420	0x00009ABE	-1	-1	0	10	4800	0	-1	200040	-1	0	-1	148	0	-1	-1	-1	99	0	50	2	0	0	0	0	0	0	0	1	1	1	1	1	1	1	1	1	1	1	1	1	1	1	1	1	1	1	1	1	0	0	1	0	0	0	1	1	0	0	0	0	0	0	0	0	0	0	0	0	0	0	0	0		600	0	0	0	0		-1	-1	-1	0	0	0		-1	-1	 5100 5f0f 7d20 6750 3010 30b3 30e2 30f3 0041 3011 30ec 30d9 30eb 0034
0x00001B5C	0x0000748C	0x00009ADC	-1	-1	0	12	10000	0	-1	200050	-1	0	-1	149	0	-1	-1	-1	99	0	50	2	0	0	0	0	0	0	0	1	1	1	1	1	1	1	1	1	1	1	1	1	1	1	1	1	1	1	1	1	0	0	1	0	0	0	1	1	0	0	0	0	0	0	0	0	0	0	0	0	0	0	0	0		600	0	0	0	0		-1	-1	-1	0	0	0		-1	-1	 5100 5f0f 7d20 6750 3010 30b3 30e2 30f3 0041 3011 30ec 30d9 30eb 0035
0x00001B64	0x000074F8	0x00009AFA	-1	-1	0	7	400	0	-1	220010	-1	0	-1	92	0	-1	-1	-1	99	0	50	2	0	0	0	0	0	0	0	1	1	1	1	1	1	1	1	1	1	1	1	1	1	1	1	1	1	1	1	1	0	0	1	0	0	0	1	1	0	0	0	0	0	0	0	0	0	0	0	0	0	0	0	0		600	0	0	0	0		-1	-1	-1	0	0	0		-1	-1	 5100 5f0f 7d20 6750 3010 30b3 30e2 30f3 0042 3011 30ec 30d9 30eb 0033
0x00001B65	0x00007564	0x00009B18	-1	-1	0	10	800	0	-1	220020	-1	0	-1	152	0	-1	-1	-1	99	0	50	2	0	0	0	0	0	0	0	1	1	1	1	1	1	1	1	1	1	1	1	1	1	1	1	1	1	1	1	1	0	0	1	0	0	0	1	1	0	0	0	0	0	0	0	0	0	0	0	0	0	0	0	0		600	0	0	0	0		-1	-1	-1	0	0	0		-1	-1	 5100 5f0f 7d20 6750 3010 30b3 30e2 30f3 0042 3011 30ec 30d9 30eb 0034
0x00001B66	0x000075D0	0x00009B36	-1	-1	0	12	1600	0	-1	220030	-1	0	-1	153	0	-1	-1	-1	99	0	50	2	0	0	0	0	0	0	0	1	1	1	1	1	1	1	1	1	1	1	1	1	1	1	1	1	1	1	1	1	0	0	1	0	0	0	1	1	0	0	0	0	0	0	0	0	0	0	0	0	0	0	0	0		600	0	0	0	0		-1	-1	-1	0	0	0		-1	-1	 5100 5f0f 7d20 6750 3010 30b3 30e2 30f3 0042 3011 30ec 30d9 30eb 0035
0x00001B6C	0x0000763C	0x00009B54	-1	-1	0	2	400	0	-1	210010	-1	0	-1	93	0	-1	-1	-1	99	0	50	2	0	0	0	0	0	0	0	1	1	1	1	1	1	1	1	1	1	1	1	1	1	1	1	1	1	1	1	1	0	0	1	0	0	0	1	1	0	0	0	0	0	0	0	0	0	0	0	0	0	0	0	0		600	0	0	0	0		-1	-1	-1	0	0	0		-1	-1	 5100 5f0f 7d20 6750 3010 30b3 30e2 30f3 0043 3011 30ec 30d9 30eb 0031
0x00001B6D	0x000076A8	0x00009B72	-1	-1	0	5	1000	0	-1	210020	-1	0	-1	94	0	-1	-1	-1	99	0	50	2	0	0	0	0	0	0	0	1	1	1	1	1	1	1	1	1	1	1	1	1	1	1	1	1	1	1	1	1	0	0	1	0	0	0	1	1	0	0	0	0	0	0	0	0	0	0	0	0	0	0	0	0		600	0	0	0	0		-1	-1	-1	0	0	0		-1	-1	 5100 5f0f 7d20 6750 3010 30b3 30e2 30f3 0043 3011 30ec 30d9 30eb 0032
0x00001B6E	0x00007714	0x00009B90	-1	-1	0	7	2000	0	-1	210030	-1	0	-1	95	0	-1	-1	-1	99	0	50	2	0	0	0	0	0	0	0	1	1	1	1	1	1	1	1	1	1	1	1	1	1	1	1	1	1	1	1	1	0	0	1	0	0	0	1	1	0	0	0	0	0	0	0	0	0	0	0	0	0	0	0	0		600	0	0	0	0		-1	-1	-1	0	0	0		-1	-1	 5100 5f0f 7d20 6750 3010 30b3 30e2 30f3 0043 3011 30ec 30d9 30eb 0033
0x00001B6F	0x00007780	0x00009BAE	-1	-1	0	10	4000	0	-1	210040	-1	0	-1	156	0	-1	-1	-1	99	0	50	2	0	0	0	0	0	0	0	1	1	1	1	1	1	1	1	1	1	1	1	1	1	1	1	1	1	1	1	1	0	0	1	0	0	0	1	1	0	0	0	0	0	0	0	0	0	0	0	0	0	0	0	0		600	0	0	0	0		-1	-1	-1	0	0	0		-1	-1	 5100 5f0f 7d20 6750 3010 30b3 30e2 30f3 0043 3011 30ec 30d9 30eb 0034
0x00001B70	0x000077EC	0x00009BCC	-1	-1	0	12	10000	0	-1	210050	-1	0	-1	157	0	-1	-1	-1	99	0	50	2	0	0	0	0	0	0	0	1	1	1	1	1	1	1	1	1	1	1	1	1	1	1	1	1	1	1	1	1	0	0	1	0	0	0	1	1	0	0	0	0	0	0	0	0	0	0	0	0	0	0	0	0		600	0	0	0	0		-1	-1	-1	0	0	0		-1	-1	 5100 5f0f 7d20 6750 3010 30b3 30e2 30f3 0043 3011 30ec 30d9 30eb 0035
0x00001B8A	0x00007858	0x00009BEA	-1	-1	0	0	1	0	-1	230010	-1	0	-1	147	0	-1	-1	-1	99	0	50	2	0	0	0	0	0	0	0	1	1	1	1	1	1	1	1	1	1	1	1	1	1	1	1	1	1	1	1	1	0	0	1	0	0	0	1	1	0	0	0	0	0	0	0	0	0	0	0	0	0	0	0	0		600	0	0	0	0		-1	-1	-1	0	0	0		-1	-1	 5100 5f0f 7d20 6750 306e 304b 3051 3089
0x00001BBC	0x000078C4	0x00009BFC	-1	-1	0	5	600	0	-1	270010	-1	0	-1	96	0	-1	-1	-1	99	0	50	2	0	0	0	0	0	0	0	1	1	1	1	1	1	1	1	1	1	1	1	1	1	1	1	1	1	1	1	1	0	0	1	0	0	0	1	1	0	0	0	0	0	0	0	0	0	0	0	0	0	0	0	0		600	0	0	0	0		-1	-1	-1	0	0	0		-1	-1	 5100 5f0f 7d20 6750 3010 30a2 30f3 30b3 30e2 30f3 0041 3011 30ec 30d9 30eb 0031
0x00001BC6	0x00007930	0x00009C1E	-1	-1	0	5	600	0	-1	260010	-1	0	-1	99	0	-1	-1	-1	99	0	50	2	0	0	0	0	0	0	0	1	1	1	1	1	1	1	1	1	1	1	1	1	1	1	1	1	1	1	1	1	0	0	1	0	0	0	1	1	0	0	0	0	0	0	0	0	0	0	0	0	0	0	0	0		600	0	0	0	0		-1	-1	-1	0	0	0		-1	-1	 5100 5f0f 7d20 6750 3010 30a2 30f3 30b3 30e2 30f3 0042 3011 30ec 30d9 30eb 0031
0x00001BD0	0x0000799C	0x00009C40	-1	-1	0	5	600	0	-1	280010	-1	0	-1	102	0	-1	-1	-1	99	0	50	2	0	0	0	0	0	0	0	1	1	1	1	1	1	1	1	1	1	1	1	1	1	1	1	1	1	1	1	1	0	0	1	0	0	0	1	1	0	0	0	0	0	0	0	0	0	0	0	0	0	0	0	0		600	0	0	0	0		-1	-1	-1	0	0	0		-1	-1	 5100 5f0f 7d20 6750 3010 30a2 30f3 30b3 30e2 30f3 0043 3011 30ec 30d9 30eb 0031
0x00001BD1	0x00007A08	0x00009C62	-1	-1	0	11	1200	0	-1	280020	-1	0	-1	103	0	-1	-1	-1	99	0	50	2	0	0	0	0	0	0	0	1	1	1	1	1	1	1	1	1	1	1	1	1	1	1	1	1	1	1	1	1	0	0	1	0	0	0	1	1	0	0	0	0	0	0	0	0	0	0	0	0	0	0	0	0		600	0	0	0	0		-1	-1	-1	0	0	0		-1	-1	 5100 5f0f 7d20 6750 3010 30a2 30f3 30b3 30e2 30f3 0043 3011 30ec 30d9 30eb 0032
0x00001BDA	0x00007A74	0x00009C84	-1	-1	0	5	600	0	-1	290010	-1	0	-1	105	0	-1	-1	-1	99	0	50	2	0	0	0	0	0	0	0	1	1	1	1	1	1	1	1	1	1	1	1	1	1	1	1	1	1	1	1	1	0	0	1	0	0	0	1	1	0	0	0	0	0	0	0	0	0	0	0	0	0	0	0	0		600	0	0	0	0		-1	-1	-1	0	0	0		-1	-1	 5100 5f0f 7d20 6750 3010 30a2 30f3 30b3 30e2 30f3 0044 3011 30ec 30d9 30eb 0031
0x00001BDB	0x00007AE0	0x00009CA6	-1	-1	0	11	1200	0	-1	290020	-1	0	-1	106	0	-1	-1	-1	99	0	50	2	0	0	0	0	0	0	0	1	1	1	1	1	1	1	1	1	1	1	1	1	1	1	1	1	1	1	1	1	0	0	1	0	0	0	1	1	0	0	0	0	0	0	0	0	0	0	0	0	0	0	0	0		600	0	0	0	0		-1	-1	-1	0	0	0		-1	-1	 5100 5f0f 7d20 6750 3010 30a2 30f3 30b3 30e2 30f3 0044 3011 30ec 30d9 30eb 0032
0x00001BE4	0x00007B4C	0x00009CC8	-1	-1	0	5	600	0	-1	300010	-1	0	-1	108	0	-1	-1	-1	99	0	50	2	0	0	0	0	0	0	0	1	1	1	1	1	1	1	1	1	1	1	1	1	1	1	1	1	1	1	1	1	0	0	1	0	0	0	1	1	0	0	0	0	0	0	0	0	0	0	0	0	0	0	0	0		600	0	0	0	0		-1	-1	-1	0	0	0		-1	-1	 5100 5f0f 7d20 6750 3010 30a2 30f3 30b3 30e2 30f3 0045 3011 30ec 30d9 30eb 0031
0x00001BEE	0x00007BB8	0x00009CEA	-1	-1	0	5	400	0	-1	240010	-1	0	-1	122	0	-1	-1	-1	99	0	50	2	0	0	0	0	0	0	0	1	1	1	1	1	1	1	1	1	1	1	1	1	1	1	1	1	1	1	1	1	0	0	1	0	0	0	1	1	0	0	0	0	0	0	0	0	0	0	0	0	0	0	0	0		600	0	0	0	0		-1	-1	-1	0	0	0		-1	-1	 5100 5f0f 7d20 6750 3010 30a2 30f3 30b3 30e2 30f3 0046 3011 30ec 30d9 30eb 0031
0x00001C20	0x00007C24	0x00009D0C	-1	-1	0	24	2000	0	-1	250010	-1	0	-1	123	0	-1	-1	-1	99	0	50	2	0	0	0	0	0	0	0	1	1	1	1	1	1	1	1	1	1	1	1	1	1	1	1	1	1	1	1	1	0	0	1	0	0	0	1	1	0	0	0	0	0	0	0	0	0	0	0	0	0	0	0	0		600	0	0	0	0		-1	-1	-1	0	0	0		-1	-1	 5100 5f0f 7d20 6750 3010 0041 0035 30ed 30c3 30af 3011
0x00002A94	0x00007C90	0x00009D24	-1	0	0	0	-1	0	-1	-1	-1	0	-1	0	0	-1	-1	-1	99	0	50	0	0	0	0	253	0	0	0	1	1	1	1	1	1	1	1	1	1	1	1	1	1	1	1	0	0	0	0	0	0	1	1	1	0	0	0	0	0	0	0	0	0	0	1	0	0	0	0	0	0	0	0	0		0	0	0	0	0		-1	-1	-1	16000	0	0		-1	-1	 5f3e 4e38 3010 0050 0047 76f4 63a5 6307 5b9a 3011
0x00002A9E	0x00007CFC	0x00009D3A	3010	0	0	0	-1	0	-1	-1	-1	0	-1	0	0	-1	-1	-1	99	0	50	0	0	0	0	27	0	0	0	1	1	1	1	1	1	1	1	1	1	1	1	1	1	1	1	1	1	1	1	1	0	1	1	1	0	0	0	0	0	0	0	0	0	0	1	0	0	0	0	0	0	0	0	0		0	0	0	0	0		-1	-1	-1	16000	0	0		-1	-1	 5f3e 4e38 56de 5fa9
0x00002AF8	0x00007D68	0x00009D44	3010	50	0	0	-1	0	-1	-1	-1	0	-1	0	0	-1	-1	-1	99	0	50	0	2	0	0	26	0	0	0	1	1	1	1	1	1	1	1	1	1	1	1	1	1	1	1	1	1	1	1	1	0	1	0	1	0	0	0	0	0	0	0	0	0	0	0	0	0	0	0	0	0	0	0	0		0	0	0	0	0		-1	-1	-1	16000	0	0		-1	-1	 0048 0050 56de 5fa9 3010 0050 0047 76f4 63a5 6307 5b9a 3011
0x00002B5C	0x00007DD4	0x00009D5E	200	55	0	0	-1	0	-1	-1	-1	0	-1	0	0	-1	-1	-1	99	0	50	0	1	0	0	0	0	0	0	1	1	1	1	1	1	1	1	1	1	1	1	1	1	1	1	1	1	1	1	1	0	1	0	1	0	0	0	0	0	0	0	0	0	0	0	0	0	0	0	0	0	0	0	0		0	0	0	0	0		-1	-1	-1	16000	0	0		-1	-1	 6bd2 30fb 51fa 8840 56de 5fa9 85ac
0x00002B5D	0x00007E40	0x00009D6E	230	57	0	0	-1	0	-1	-1	-1	0	-1	0	0	-1	-1	-1	99	0	50	0	1	0	0	10	0	0	0	1	1	1	1	1	1	1	1	1	1	1	1	1	1	1	1	1	1	1	1	1	0	1	0	1	0	0	0	0	0	0	0	0	0	0	0	0	0	0	0	0	0	0	0	0		0	0	0	0	0		-1	-1	-1	16000	0	0		-1	-1	 72c2 6c17 30fb 7363 5316 56de 5fa9 85ac
0x00002B66	0x00007EAC	0x00009D80	3240	58	0	0	-1	0	-1	-1	-1	0	-1	0	0	-1	-1	-1	99	0	50	0	2	0	0	0	0	0	0	1	1	1	1	1	1	1	1	1	1	1	1	1	1	1	1	1	1	1	1	1	0	1	0	1	0	0	0	0	0	0	0	0	0	0	0	0	0	0	0	0	0	0	0	0		0	0	0	0	0		-1	-1	-1	16000	0	0		-1	-1	 7363 5316 85ac
0x00002BC0	0x00007F18	0x00009D88	100	0	0	0	-1	0	-1	-1	-1	0	-1	0	0	-1	-1	-1	99	0	50	0	1	5	0	3	0	0	0	1	1	1	1	1	1	1	1	1	1	1	1	1	1	1	1	1	1	1	1	1	0	1	0	1	0	0	0	0	0	0	0	0	0	0	0	0	0	0	0	0	0	0	0	0		0	0	0	0	0		-1	-1	-1	2000	0	0		-1	-1	 706b 708e 58fa
0x00002BCA	0x00007F84	0x00009D90	121	5	0	0	-1	0	-1	-1	-1	0	-1	0	0	-1	-1	-1	99	0	50	0	1	5	0	2	0	0	0	1	1	1	1	1	1	1	1	1	1	1	1	1	1	1	1	1	1	1	1	1	0	1	0	1	0	0	0	0	0	0	0	0	0	0	0	0	0	0	0	0	0	0	0	0		0	0	0	0	0		-1	-1	-1	2000	0	0		-1	-1	 6bd2 30ca 30a4 30d5
0x00002BD4	0x00007FF0	0x00009D9A	150	1	0	0	-1	0	-1	-1	-1	0	-1	0	0	-1	-1	-1	99	0	50	0	1	5	0	3	0	0	0	1	1	1	1	1	1	1	1	1	1	1	1	1	1	1	1	1	1	1	1	1	0	1	0	1	0	0	0	0	0	0	0	0	0	0	0	0	0	0	0	0	0	0	0	0		0	0	0	0	0		-1	-1	-1	2000	0	0		-1	-1	 6cb9 58fa
0x00002BDE	0x0000805C	0x00009DA0	170	3	0	0	-1	0	-1	-1	-1	0	-1	0	0	-1	-1	-1	99	0	50	0	1	5	0	3	0	0	0	1	1	1	1	1	1	1	1	1	1	1	1	1	1	1	1	1	1	1	1	1	0	1	0	1	0	0	0	0	0	0	0	0	0	0	0	0	0	0	0	0	0	0	0	0		0	0	0	0	0		-1	-1	-1	2000	0	0		-1	-1	 77f3 3053 308d
0x00002BE8	0x000080C8	0x00009DA8	120	4	0	0	-1	0	-1	-1	-1	0	-1	0	0	-1	-1	-1	99	0	50	0	1	5	0	2	0	0	0	1	1	1	1	1	1	1	1	1	1	1	1	1	1	1	1	1	1	1	1	1	0	1	0	1	0	0	0	0	0	0	0	0	0	0	0	0	0	0	0	0	0	0	0	0		0	0	0	0	0		-1	-1	-1	2000	0	0		-1	-1	 6295 3052 30ca 30a4 30d5
0x00002BF2	0x00008134	0x00009DB4	110	0	0	0	-1	0	-1	-1	-1	0	-1	0	0	-1	-1	-1	99	0	50	0	1	5	0	13	0	0	0	1	1	1	1	1	1	1	1	1	1	1	1	1	1	1	1	1	1	1	1	1	0	1	0	1	0	0	0	0	0	0	0	0	0	0	0	0	0	0	0	0	0	0	0	0		0	0	0	0	0		-1	-1	-1	2000	0	0		-1	-1	 80cc 5f8c 706b 708e 58fa
0x00002BFC	0x000081A0	0x00009DC0	160	7	0	0	-1	0	-1	-1	-1	0	-1	0	0	-1	-1	-1	99	0	50	0	1	5	0	3	0	0	0	1	1	1	1	1	1	1	1	1	1	1	1	1	1	1	1	1	1	1	1	1	0	1	0	1	0	0	0	0	0	0	0	0	0	0	0	0	0	0	0	0	0	0	0	0		0	0	0	0	0		-1	-1	-1	16000	0	0		-1	-1	 7363 8a98 3044
0x00002C06	0x0000820C	0x00009DC8	180	8	0	0	-1	0	-1	-1	-1	0	-1	0	0	-1	-1	-1	99	0	50	0	1	5	0	3	0	0	0	1	1	1	1	1	1	1	1	1	1	1	1	1	1	1	1	1	1	1	1	1	0	1	0	1	0	0	0	0	0	0	0	0	0	0	0	0	0	0	0	0	0	0	0	0		0	0	0	0	0		-1	-1	-1	16000	0	0		-1	-1	 0048 0050 56de 5fa9 4e0d 53ef
0x00002C24	0x00008278	0x00009DD6	2200	0	0	0	-1	0	-1	-1	-1	0	-1	0	0	-1	-1	-1	99	0	50	0	2	0	0	1	0	1	0	1	1	1	1	1	1	1	1	1	1	1	1	1	1	1	1	1	1	1	1	1	0	1	0	1	0	0	0	0	0	0	0	0	1	0	0	0	0	0	0	0	0	0	0	0		0	0	0	0	0		-1	-1	-1	2000	0	0		-1	-1	 30a8 30f3 30c1 30e3 30f3 30c8 3010 708e 3011
0x00002C2E	0x000082E4	0x00009DEA	2210	0	0	0	-1	0	-1	-1	-1	0	-1	0	0	-1	-1	-1	99	0	50	0	2	0	0	1	0	1	0	1	1	1	1	1	1	1	1	1	1	1	1	1	1	1	1	1	1	1	1	1	0	1	0	1	0	0	0	0	0	0	0	0	1	0	0	0	0	0	0	0	0	0	0	0		0	0	0	0	0		-1	-1	-1	2000	0	0		-1	-1	 30a8 30f3 30c1 30e3 30f3 30c8 3010 9b54 6cd5 3011
0x00002C38	0x00008350	0x00009E00	2220	0	0	0	-1	0	-1	-1	-1	0	-1	0	0	-1	-1	-1	99	0	50	0	2	0	0	1	0	1	0	1	1	1	1	1	1	1	1	1	1	1	1	1	1	1	1	1	1	1	1	1	0	1	0	1	0	0	0	0	0	0	0	0	1	0	0	0	0	0	0	0	0	0	0	0		0	0	0	0	0		-1	-1	-1	2000	0	0		-1	-1	 30a8 30f3 30c1 30e3 30f3 30c8 3010 96f7 3011
0x00002C42	0x000083BC	0x00009E14	2230	0	0	0	-1	0	-1	-1	-1	0	-1	0	0	-1	-1	-1	99	0	50	0	2	0	0	5	0	13	0	1	1	1	1	1	1	1	1	1	1	1	1	1	1	1	1	1	1	1	1	0	0	1	0	1	0	0	0	0	0	0	0	0	0	0	0	0	0	0	0	0	0	0	0	0		0	0	0	0	0		-1	-1	-1	2000	0	0		-1	-1	 9283 5a01 529b 30a2 30c3 30d7
0x00002EE0	0x00008428	0x00009E22	370	-1	0	0	-1	0	-1	-1	-1	0	-1	0	0	-1	-1	-1	99	0	50	0	1	0	0	21	0	0	0	1	1	1	1	1	1	1	1	1	1	1	1	1	1	1	1	1	1	1	1	1	0	1	0	1	0	0	0	0	0	0	0	0	0	0	1	0	0	0	0	0	0	0	0	1		0	0	0	0	0		-1	-1	-1	6000	0	0		-1	-1	 89e6 624b 53ec 559a
0x00002EEA	0x00008494	0x00009E2C	380	-1	0	0	-1	0	-1	-1	-1	0	-1	0	0	-1	-1	-1	99	0	50	0	1	0	0	22	0	0	0	1	1	1	1	1	1	1	1	1	1	1	1	1	1	1	1	1	1	1	1	1	0	1	0	1	0	0	0	0	0	0	0	0	0	0	1	0	0	0	0	0	0	0	0	1		0	0	0	0	0		-1	-1	-1	7000	0	0		-1	-1	 5b87 5b99 53ec 559a
0x00002EF4	0x00008500	0x00009E36	390	-1	0	0	-1	0	-1	-1	-1	0	-1	0	0	-1	-1	-1	99	0	50	0	1	0	0	19	0	0	0	1	1	1	1	1	1	1	1	1	1	1	1	1	1	1	1	1	1	1	1	1	0	1	0	1	0	0	0	0	0	0	0	0	0	0	1	0	0	0	0	0	0	0	0	0		0	0	0	0	0		-1	-1	-1	15000	0	0		-1	-1	 30ea 30d5 30ec 30af 30c8 30a6 30a9 30fc 30eb
0x00002EFE	0x0000856C	0x00009E4A	320	10	0	0	-1	0	-1	-1	-1	0	-1	0	0	-1	-1	-1	99	0	50	0	1	0	0	10	0	0	0	1	1	1	1	1	1	1	1	1	1	1	1	1	1	1	1	1	1	1	1	1	0	1	0	1	0	0	0	0	0	0	0	0	0	0	1	0	0	0	0	0	0	0	0	0		0	0	0	0	0		-1	-1	-1	16000	0	0		-1	-1	 30cc 30eb 30cc 30eb 5316
0x00002F12	0x000085D8	0x00009E56	360	-1	0	0	-1	0	-1	-1	-1	0	-1	0	0	-1	-1	-1	99	0	50	0	1	0	0	18	0	0	0	1	1	1	1	1	1	1	1	1	1	1	1	1	1	1	1	1	1	1	1	1	0	1	0	1	0	0	0	0	0	0	0	0	0	0	1	0	0	0	0	0	0	0	0	1		0	0	0	0	0		-1	-1	-1	5000	0	0		-1	-1	 7bc4 56f2 56de 5fa9
0x00002F1C	0x00008644	0x00009E60	1120	-1	0	0	-1	0	-1	-1	-1	0	-1	0	0	-1	-1	-1	99	0	50	0	2	0	0	20	0	0	0	1	1	1	1	1	1	1	1	1	1	1	1	1	1	1	1	1	1	1	1	1	0	1	0	1	0	0	0	0	0	0	0	0	0	0	1	0	0	0	0	0	0	0	0	0		0	0	0	0	0		-1	-1	-1	15000	0	0		-1	-1	 52a0 901f
0x00002F26	0x000086B0	0x00009E66	410	-1	0	0	-1	0	-1	-1	-1	0	-1	0	0	-1	-1	-1	99	0	50	0	1	0	0	23	0	0	0	1	1	1	1	1	1	1	1	1	1	1	1	1	1	1	1	1	1	1	1	1	0	1	0	1	0	0	0	0	0	0	0	0	0	0	1	0	0	0	0	0	0	0	0	1		0	0	0	0	0		-1	-1	-1	8000	0	0		-1	-1	 5730 3092 9019 3046 9b54 6cd5
0x00002F30	0x0000871C	0x00009E74	350	-1	0	0	-1	0	-1	-1	-1	0	-1	0	0	-1	-1	-1	99	0	50	0	1	0	0	24	0	0	0	1	1	1	1	1	1	1	1	1	1	1	1	1	1	1	1	1	1	1	1	1	0	1	0	1	0	0	0	0	0	0	0	0	0	0	1	0	0	0	0	0	0	0	0	1		0	0	0	0	0		-1	-1	-1	9000	0	0		-1	-1	 8a98 5c0e 5f3e
0x00002F3A	0x00008788	0x00009E7C	310	-1	0	0	-1	0	-1	-1	-1	0	-1	0	0	-1	-1	-1	99	0	50	0	1	0	0	25	0	0	0	1	1	1	1	1	1	1	1	1	1	1	1	1	1	1	1	1	1	1	1	1	0	1	0	1	0	0	0	0	0	0	0	0	0	0	1	0	0	0	0	0	0	0	0	0		0	0	0	0	0		-1	-1	-1	16000	0	0		-1	-1	 540c 58eb 8a0e 3061
