infoStartAddr:	0x5C20
numEntries:	0x93	147
title:	FACE_GEN_PARAM_ST
paramStartAddr:	0x00000E08
entryID   	paramAddr 	infoAddr  	faceGeoData00	faceGeoData01	faceGeoData02	faceGeoData03	faceGeoData04	faceGeoData05	faceGeoData06	faceGeoData07	faceGeoData08	faceGeoData09	faceGeoData10	faceGeoData11	faceGeoData12	faceGeoData13	faceGeoData14	faceGeoData15	faceGeoData16	faceGeoData17	faceGeoData18	faceGeoData19	faceGeoData20	faceGeoData21	faceGeoData22	faceGeoData23	faceGeoData24	faceGeoData25	faceGeoData26	faceGeoData27	faceGeoData28	faceGeoData29	faceGeoData30	faceGeoData31	faceGeoData32	faceGeoData33	faceGeoData34	faceGeoData35	faceGeoData36	faceGeoData37	faceGeoData38	faceGeoData39	faceGeoData40	faceGeoData41	faceGeoData42	faceGeoData43	faceGeoData44	faceGeoData45	faceGeoData46	faceGeoData47	faceGeoData48	faceGeoData49	faceTexData00	faceTexData01	faceTexData02	faceTexData03	faceTexData04	faceTexData05	faceTexData06	faceTexData07	faceTexData08	faceTexData09	faceTexData10	faceTexData11	faceTexData12	faceTexData13	faceTexData14	faceTexData15	faceTexData16	faceTexData17	faceTexData18	faceTexData19	faceTexData20	faceTexData21	faceTexData22	faceTexData23	faceTexData24	faceTexData25	faceTexData26	faceTexData27	faceTexData28	faceTexData29	faceTexData30	faceTexData31	faceTexData32	faceTexData33	faceTexData34	faceTexData35	faceTexData36	faceTexData37	faceTexData38	faceTexData39	faceTexData40	faceTexData41	faceTexData42	faceTexData43	faceTexData44	faceTexData45	faceTexData46	faceTexData47	faceTexData48	faceTexData49	facePartsId	skinColor_R 	skinColor_G 	skinColor_B 	hairPartsId	hairColor_R 	hairColor_G 	hairColor_B 	eyeLPartsId	eyeLColor_R	eyeLColor_G	eyeLColor_B	eyeRPartsId	eyeRColor_R	eyeRColor_G	eyeRColor_B	eyebrowPartsId	eyebrowColor_R 	eyebrowColor_G 	eyebrowColor_B 	beardPartsId	beardColor_R 	beardColor_G 	beardColor_B 	accessoriesPartsId	accessoriesColor_R 	accessoriesColor_G 	accessoriesColor_B 	decalPartsId	decalColor_R 	decalColor_G 	decalColor_B 	decalPosX	decalPosY	decalAngle	decalScale
0x00000000	0x00000E08	0x00005C20	132	144	138	109	121	115	125	138	129	149	116	119	122	97	120	138	152	139	149	130	141	136	168	156	129	137	133	142	144	112	99	138	118	121	63	126	108	138	128	142	136	129	148	98	133	131	149	147	140	111	95	115	136	140	126	142	154	114	113	140	106	52	158	108	158	150	154	122	155	54	135	173	116	90	172	161	132	112	146	152	72	97	110	131	121	93	126	128	129	143	58	125	167	151	175	111	136	126	162	118	0	128	128	128	0	110	90	50	0	127	165	178	0	127	165	178	0	128	128	128	0	128	128	128	0	128	128	128	0	128	128	128	0	0	0	0	 0074 0065 0073 0074 0044 0061 0074 0061
0x00000001	0x00000E90	0x00005C32	125	172	123	113	126	123	148	159	148	126	129	109	128	137	194	97	139	115	124	122	111	174	95	104	144	143	160	97	175	135	141	109	152	152	139	162	208	177	176	124	97	152	155	156	103	138	124	155	158	146	135	110	110	144	142	139	115	145	146	113	92	144	113	110	148	165	203	146	118	103	120	135	110	142	184	110	125	117	153	128	117	89	116	147	147	101	136	123	123	143	118	104	140	127	105	118	138	129	130	134	0	128	128	128	0	100	80	40	0	127	165	178	0	127	165	178	0	128	128	128	0	128	128	128	0	128	128	128	0	128	128	128	0	0	0	0	 7537 6027 005f 8a66 4f5c 0031
0x00000002	0x00000F18	0x00005C40	125	172	123	113	126	123	148	159	148	126	129	109	128	137	194	97	139	115	124	122	111	174	95	104	144	143	160	97	175	135	141	109	152	152	139	162	208	177	176	124	97	152	155	156	103	138	124	155	158	146	135	110	110	144	142	139	115	145	146	113	92	144	113	110	148	165	203	146	118	103	120	135	110	142	184	110	125	117	153	128	117	89	116	147	147	101	136	123	123	143	118	104	140	127	105	118	138	129	130	134	0	128	128	128	0	100	80	40	0	127	165	178	0	127	165	178	0	128	128	128	0	128	128	128	0	128	128	128	0	128	128	128	0	0	0	0	 7537 6027 005f 8a66 4f5c 0032
0x00000003	0x00000FA0	0x00005C4E	125	172	123	113	126	123	148	159	148	126	129	109	128	137	194	97	139	115	124	122	111	174	95	104	144	143	160	97	175	135	141	109	152	152	139	162	208	177	176	124	97	152	155	156	103	138	124	155	158	146	135	110	110	144	142	139	115	145	146	113	92	144	113	110	148	165	203	146	118	103	120	135	110	142	184	110	125	117	153	128	117	89	116	147	147	101	136	123	123	143	118	104	140	127	105	118	138	129	130	134	0	128	128	128	0	100	80	40	0	127	165	178	0	127	165	178	0	128	128	128	0	128	128	128	0	128	128	128	0	128	128	128	0	0	0	0	 7537 6027 005f 8a66 4f5c 0033
0x00000004	0x00001028	0x00005C5C	125	172	123	113	126	123	148	159	148	126	129	109	128	137	194	97	139	115	124	122	111	174	95	104	144	143	160	97	175	135	141	109	152	152	139	162	208	177	176	124	97	152	155	156	103	138	124	155	158	146	135	110	110	144	142	139	115	145	146	113	92	144	113	110	148	165	203	146	118	103	120	135	110	142	184	110	125	117	153	128	117	89	116	147	147	101	136	123	123	143	118	104	140	127	105	118	138	129	130	134	0	128	128	128	0	100	80	40	0	127	165	178	0	127	165	178	0	128	128	128	0	128	128	128	0	128	128	128	0	128	128	128	0	0	0	0	 7537 6027 005f 8a66 4f5c 0034
0x00000005	0x000010B0	0x00005C6A	125	172	123	113	126	123	148	159	148	126	129	109	128	137	194	97	139	115	124	122	111	174	95	104	144	143	160	97	175	135	141	109	152	152	139	162	208	177	176	124	97	152	155	156	103	138	124	155	158	146	135	110	110	144	142	139	115	145	146	113	92	144	113	110	148	165	203	146	118	103	120	135	110	142	184	110	125	117	153	128	117	89	116	147	147	101	136	123	123	143	118	104	140	127	105	118	138	129	130	134	0	128	128	128	0	100	80	40	0	127	165	178	0	127	165	178	0	128	128	128	0	128	128	128	0	128	128	128	0	128	128	128	0	0	0	0	 7537 6027 005f 8a66 4f5c 0035
0x00000006	0x00001138	0x00005C78	125	172	123	113	126	123	148	159	148	126	129	109	128	137	194	97	139	115	124	122	111	174	95	104	144	143	160	97	175	135	141	109	152	152	139	162	208	177	176	124	97	152	155	156	103	138	124	155	158	146	135	110	110	144	142	139	115	145	146	113	92	144	113	110	148	165	203	146	118	103	120	135	110	142	184	110	125	117	153	128	117	89	116	147	147	101	136	123	123	143	118	104	140	127	105	118	138	129	130	134	0	128	128	128	0	100	80	40	0	127	165	178	0	127	165	178	0	128	128	128	0	128	128	128	0	128	128	128	0	128	128	128	0	0	0	0	 7537 6027 005f 8a66 4f5c 0036
0x00000007	0x000011C0	0x00005C86	125	172	123	113	126	123	148	159	148	126	129	109	128	137	194	97	139	115	124	122	111	174	95	104	144	143	160	97	175	135	141	109	152	152	139	162	208	177	176	124	97	152	155	156	103	138	124	155	158	146	135	110	110	144	142	139	115	145	146	113	92	144	113	110	148	165	203	146	118	103	120	135	110	142	184	110	125	117	153	128	117	89	116	147	147	101	136	123	123	143	118	104	140	127	105	118	138	129	130	134	0	128	128	128	0	100	80	40	0	127	165	178	0	127	165	178	0	128	128	128	0	128	128	128	0	128	128	128	0	128	128	128	0	0	0	0	 7537 6027 005f 8a66 4f5c 0037
0x00000008	0x00001248	0x00005C94	125	172	123	113	126	123	148	159	148	126	129	109	128	137	194	97	139	115	124	122	111	174	95	104	144	143	160	97	175	135	141	109	152	152	139	162	208	177	176	124	97	152	155	156	103	138	124	155	158	146	135	110	110	144	142	139	115	145	146	113	92	144	113	110	148	165	203	146	118	103	120	135	110	142	184	110	125	117	153	128	117	89	116	147	147	101	136	123	123	143	118	104	140	127	105	118	138	129	130	134	0	128	128	128	0	100	80	40	0	127	165	178	0	127	165	178	0	128	128	128	0	128	128	128	0	128	128	128	0	128	128	128	0	0	0	0	 7537 6027 005f 8a66 4f5c 0038
0x00000009	0x000012D0	0x00005CA2	125	172	123	113	126	123	148	159	148	126	129	109	128	137	194	97	139	115	124	122	111	174	95	104	144	143	160	97	175	135	141	109	152	152	139	162	208	177	176	124	97	152	155	156	103	138	124	155	158	146	135	110	110	144	142	139	115	145	146	113	92	144	113	110	148	165	203	146	118	103	120	135	110	142	184	110	125	117	153	128	117	89	116	147	147	101	136	123	123	143	118	104	140	127	105	118	138	129	130	134	0	128	128	128	0	100	80	40	0	127	165	178	0	127	165	178	0	128	128	128	0	128	128	128	0	128	128	128	0	128	128	128	0	0	0	0	 7537 6027 005f 8a66 4f5c 0039
0x0000000A	0x00001358	0x00005CB0	125	172	123	113	126	123	148	159	148	126	129	109	128	137	194	97	139	115	124	122	111	174	95	104	144	143	160	97	175	135	141	109	152	152	139	162	208	177	176	124	97	152	155	156	103	138	124	155	158	146	135	110	110	144	142	139	115	145	146	113	92	144	113	110	148	165	203	146	118	103	120	135	110	142	184	110	125	117	153	128	117	89	116	147	147	101	136	123	123	143	118	104	140	127	105	118	138	129	130	134	0	128	128	128	0	100	80	40	0	127	165	178	0	127	165	178	0	128	128	128	0	128	128	128	0	128	128	128	0	128	128	128	0	0	0	0	 7537 6027 005f 8a66 4f5c 0031 0030
0x0000000B	0x000013E0	0x00005CC0	125	172	123	113	126	123	148	159	148	126	129	109	128	137	194	97	139	115	124	122	111	174	95	104	144	143	160	97	175	135	141	109	152	152	139	162	208	177	176	124	97	152	155	156	103	138	124	155	158	146	135	110	110	144	142	139	115	145	146	113	92	144	113	110	148	165	203	146	118	103	120	135	110	142	184	110	125	117	153	128	117	89	116	147	147	101	136	123	123	143	118	104	140	127	105	118	138	129	130	134	0	128	128	128	0	100	80	40	0	127	165	178	0	127	165	178	0	128	128	128	0	128	128	128	0	128	128	128	0	128	128	128	0	0	0	0	 7537 6027 005f 8a66 4f5c 0031 0031
0x0000000C	0x00001468	0x00005CD0	125	172	123	113	126	123	148	159	148	126	129	109	128	137	194	97	139	115	124	122	111	174	95	104	144	143	160	97	175	135	141	109	152	152	139	162	208	177	176	124	97	152	155	156	103	138	124	155	158	146	135	110	110	144	142	139	115	145	146	113	92	144	113	110	148	165	203	146	118	103	120	135	110	142	184	110	125	117	153	128	117	89	116	147	147	101	136	123	123	143	118	104	140	127	105	118	138	129	130	134	0	128	128	128	0	100	80	40	0	127	165	178	0	127	165	178	0	128	128	128	0	128	128	128	0	128	128	128	0	128	128	128	0	0	0	0	 7537 6027 005f 8a66 4f5c 0031 0032
0x0000000D	0x000014F0	0x00005CE0	125	172	123	113	126	123	148	159	148	126	129	109	128	137	194	97	139	115	124	122	111	174	95	104	144	143	160	97	175	135	141	109	152	152	139	162	208	177	176	124	97	152	155	156	103	138	124	155	158	146	135	110	110	144	142	139	115	145	146	113	92	144	113	110	148	165	203	146	118	103	120	135	110	142	184	110	125	117	153	128	117	89	116	147	147	101	136	123	123	143	118	104	140	127	105	118	138	129	130	134	0	128	128	128	0	100	80	40	0	127	165	178	0	127	165	178	0	128	128	128	0	128	128	128	0	128	128	128	0	128	128	128	0	0	0	0	 7537 6027 005f 8a66 4f5c 0031 0033
0x0000000E	0x00001578	0x00005CF0	125	172	123	113	126	123	148	159	148	126	129	109	128	137	194	97	139	115	124	122	111	174	95	104	144	143	160	97	175	135	141	109	152	152	139	162	208	177	176	124	97	152	155	156	103	138	124	155	158	146	135	110	110	144	142	139	115	145	146	113	92	144	113	110	148	165	203	146	118	103	120	135	110	142	184	110	125	117	153	128	117	89	116	147	147	101	136	123	123	143	118	104	140	127	105	118	138	129	130	134	0	128	128	128	0	100	80	40	0	127	165	178	0	127	165	178	0	128	128	128	0	128	128	128	0	128	128	128	0	128	128	128	0	0	0	0	 7537 6027 005f 8a66 4f5c 0031 0034
0x00000014	0x00001600	0x00005D00	139	108	166	132	121	167	146	102	117	135	83	160	146	80	119	140	154	185	141	152	126	128	164	179	66	158	150	107	63	148	91	145	127	116	107	104	159	154	63	149	82	111	170	153	163	87	168	126	101	88	179	140	136	134	99	164	105	156	154	121	124	88	105	120	117	157	52	101	116	100	160	137	100	140	106	144	95	159	84	78	188	151	153	82	178	139	145	63	94	164	75	130	68	41	93	121	209	147	82	141	0	128	128	128	0	108	107	104	0	127	165	178	0	127	165	178	0	128	128	128	0	128	128	128	0	128	128	128	0	128	128	128	0	0	0	0	 5973 6027 005f 8a66 4f5c 0031
0x00000015	0x00001688	0x00005D0E	137	111	161	134	123	162	141	103	121	137	91	164	140	79	121	135	150	184	139	153	124	125	162	171	57	153	148	103	54	144	101	147	122	113	104	88	161	158	63	150	76	102	171	157	161	83	162	127	97	88	164	33	106	147	68	159	30	168	212	116	118	138	43	165	132	160	46	117	75	44	134	163	131	157	169	117	136	98	126	115	169	85	143	87	131	87	157	0	116	160	109	150	28	50	70	143	175	145	71	120	0	128	128	128	0	108	107	104	0	127	165	178	0	127	165	178	0	128	128	128	0	128	128	128	0	128	128	128	0	128	128	128	0	0	0	0	 5973 6027 005f 8a66 4f5c 0032
0x0000001E	0x00001710	0x00005D1C	135	142	133	127	160	97	154	147	132	154	154	95	137	131	123	119	145	120	145	118	125	105	100	122	115	126	90	105	109	166	131	139	146	135	138	157	137	142	119	109	142	155	105	121	98	165	109	120	123	133	114	152	109	150	146	121	127	119	128	126	101	126	111	135	122	129	133	112	133	114	102	128	129	142	156	114	131	119	130	127	120	125	127	126	140	101	114	115	104	102	154	112	125	133	117	140	120	126	120	135	0	128	128	128	0	160	130	80	0	127	165	178	0	127	165	178	0	128	128	128	0	128	128	128	0	128	128	128	0	128	128	128	0	0	0	0	 ff14 672b 7248 3000 6226 58eb 005f 7537
0x0000001F	0x00001798	0x00005D2E	127	115	151	141	115	97	106	150	120	139	133	85	116	157	149	119	129	106	150	140	122	129	132	128	141	134	107	98	112	122	109	117	137	121	110	105	144	136	79	130	127	111	111	86	146	159	129	138	111	145	131	128	137	137	124	128	125	137	129	135	116	109	131	135	139	123	139	123	111	125	121	111	120	141	123	142	140	122	126	107	129	103	125	118	97	119	125	121	123	171	128	120	143	106	113	123	118	130	130	121	0	128	128	128	0	100	80	40	0	127	165	178	0	127	165	178	0	128	128	128	0	128	128	128	0	128	128	128	0	128	128	128	0	0	0	0	 ff14 672b 7248 3000 9a0e 58eb 005f 7537
0x00000020	0x00001820	0x00005D40	118	125	125	137	150	133	126	124	128	134	150	131	131	140	158	124	123	88	108	112	106	106	100	119	121	128	123	131	140	144	149	121	135	143	143	134	144	118	123	121	130	148	103	139	114	152	136	128	133	132	138	140	130	172	134	138	91	153	142	97	66	135	115	121	105	110	247	138	229	102	99	157	110	141	180	117	142	132	180	76	98	131	147	86	145	120	124	51	125	117	108	119	180	157	134	134	151	85	99	194	0	128	128	128	0	160	130	80	0	127	165	178	0	127	165	178	0	128	128	128	0	128	128	128	0	128	128	128	0	128	128	128	0	0	0	0	 ff14 672b 7248 3000 9b54 6cd5 4f7f 3044 005f 5973
0x00000021	0x000018A8	0x00005D56	103	123	128	107	159	110	120	114	103	114	153	133	138	140	121	101	146	86	120	143	106	105	107	85	124	109	105	94	108	155	129	108	110	160	77	164	134	116	133	107	164	167	105	113	85	165	92	130	136	130	98	147	172	181	81	114	132	102	161	161	132	163	115	71	111	145	115	116	153	114	155	91	124	102	155	119	123	121	112	135	91	153	101	110	128	133	160	164	116	126	124	126	143	132	137	121	129	128	120	106	0	128	128	128	0	60	60	50	0	127	165	178	0	127	165	178	0	128	128	128	0	128	128	128	0	128	128	128	0	128	128	128	0	0	0	0	 ff14 672b 7248 3000 546a 8853 5e2b 005f 7537
0x00000022	0x00001930	0x00005D6A	123	139	152	118	147	119	119	138	123	116	133	132	125	125	107	117	118	165	122	133	140	108	126	157	97	137	132	142	102	137	104	98	135	132	115	97	153	89	105	117	102	117	132	137	155	148	151	147	120	124	111	137	136	197	102	132	100	124	141	138	122	164	79	102	157	100	202	127	94	115	154	106	99	144	131	97	137	121	121	130	123	126	74	133	131	99	118	154	125	157	128	128	159	140	138	152	124	126	141	128	0	128	128	128	0	110	90	50	0	127	165	178	0	127	165	178	0	128	128	128	0	128	128	128	0	128	128	128	0	128	128	128	0	0	0	0	 0045 0033 3000 592a 967d 9a0e 58eb 005f 7537
0x00000064	0x000019B8	0x00005D7E	141	120	126	135	110	188	143	94	163	118	133	196	111	108	129	81	132	157	90	132	99	122	129	122	113	120	202	72	106	59	65	100	94	125	9	79	127	158	46	178	150	50	189	146	193	108	137	74	199	22	160	129	151	179	76	189	80	174	129	95	70	112	49	107	92	42	76	99	195	51	132	103	132	134	52	159	135	121	199	69	121	123	190	201	196	163	119	192	144	155	84	128	62	60	87	97	231	57	89	189	0	128	128	128	0	255	225	180	0	255	255	255	0	255	255	255	0	128	128	128	0	128	128	128	0	128	128	128	0	128	128	128	0	0	0	0	 30c7 30d5 30a9 30eb 30c8 9854 30c6 30b9 30c8 005f 0030 0031
0x00000065	0x00001A40	0x00005D98	141	119	141	124	118	178	144	89	145	131	137	173	95	101	121	93	134	163	106	129	107	131	148	115	120	133	193	68	95	66	56	105	77	117	0	73	136	162	54	181	156	69	186	150	185	108	150	70	193	10	160	129	151	179	76	189	80	174	129	95	70	112	49	107	92	42	76	99	195	51	132	103	132	134	52	159	135	121	199	69	121	123	190	201	196	163	119	192	144	155	84	128	62	60	87	97	231	57	89	189	0	128	128	128	0	255	225	180	0	255	255	255	0	255	255	255	0	128	128	128	0	128	128	128	0	128	128	128	0	128	128	128	0	0	0	0	 30c7 30d5 30a9 30eb 30c8 9854 30c6 30b9 30c8 005f 0030 0032
0x00000066	0x00001AC8	0x00005DB2	132	122	128	122	137	154	144	108	149	159	161	167	125	71	127	74	149	146	110	137	127	118	102	142	98	129	176	104	136	85	71	132	86	86	31	126	119	165	113	172	156	89	161	127	138	110	133	99	167	23	143	114	167	169	64	210	105	156	127	135	105	125	50	108	79	66	76	86	112	66	168	83	97	122	51	103	128	131	131	78	160	122	162	149	208	197	112	136	82	128	138	153	43	68	52	160	102	12	84	102	0	128	128	128	0	165	125	65	0	127	165	178	0	127	165	178	0	128	128	128	0	128	128	128	0	128	128	128	0	128	128	128	0	0	0	0	 30c7 30d5 30a9 30eb 30c8 9854 30c6 30b9 30c8 005f 0030 0033
0x00000067	0x00001B50	0x00005DCC	132	122	128	122	137	154	144	108	149	159	161	167	125	71	127	74	149	146	110	137	127	118	102	142	98	129	176	104	136	85	71	132	86	86	31	126	119	165	113	172	156	89	161	127	138	110	133	99	167	23	146	124	168	170	67	209	108	156	125	129	104	121	50	105	81	67	80	87	117	66	173	82	98	122	49	104	129	132	135	81	159	122	157	148	211	199	110	142	80	126	130	149	41	64	55	155	107	18	91	100	0	128	128	128	0	165	125	65	0	127	165	178	0	127	165	178	0	128	128	128	0	128	128	128	0	128	128	128	0	128	128	128	0	0	0	0	 30c7 30d5 30a9 30eb 30c8 9854 30c6 30b9 30c8 005f 0030 0034
0x00000068	0x00001BD8	0x00005DE6	131	123	128	122	133	155	145	108	151	160	164	164	125	75	136	67	158	132	102	137	122	111	92	132	98	136	171	106	144	88	73	121	86	89	35	134	125	169	113	172	152	89	155	129	135	103	133	93	164	26	146	124	168	170	67	209	108	156	125	129	104	121	50	105	81	67	80	87	117	66	173	82	98	122	49	104	129	132	135	81	159	122	157	148	211	199	110	142	80	126	130	149	41	64	55	155	107	18	91	100	0	128	128	128	0	165	125	65	0	127	165	178	0	127	165	178	0	128	128	128	0	128	128	128	0	128	128	128	0	128	128	128	0	0	0	0	 30c7 30d5 30a9 30eb 30c8 9854 30c6 30b9 30c8 005f 0030 0035
0x00000069	0x00001C60	0x00005E00	132	124	132	120	134	157	142	107	154	160	160	164	136	76	127	69	148	129	111	157	110	123	96	115	95	142	164	85	134	94	54	120	86	101	23	133	119	158	98	170	169	88	149	136	127	111	128	100	184	19	146	124	168	170	67	209	108	156	125	129	104	121	50	105	81	67	80	87	117	66	173	82	98	122	49	104	129	132	135	81	159	122	157	148	211	199	110	142	80	126	130	149	41	64	55	155	107	18	91	100	0	128	128	128	0	165	125	65	0	127	165	178	0	127	165	178	0	128	128	128	0	128	128	128	0	128	128	128	0	128	128	128	0	0	0	0	 30c7 30d5 30a9 30eb 30c8 9854 30c6 30b9 30c8 005f 0030 0036
0x0000006A	0x00001CE8	0x00005E1A	131	122	128	122	133	156	147	108	151	159	166	160	129	78	131	69	155	137	105	143	127	110	89	117	96	127	163	104	131	91	68	103	91	110	21	134	112	160	107	164	177	87	157	130	129	105	133	94	184	14	146	124	168	170	67	209	108	156	125	129	104	121	50	105	81	67	80	87	117	66	173	82	98	122	49	104	129	132	135	81	159	122	157	148	211	199	110	142	80	126	130	149	41	64	55	155	107	18	91	100	0	128	128	128	0	165	125	65	0	127	165	178	0	127	165	178	0	128	128	128	0	128	128	128	0	128	128	128	0	128	128	128	0	0	0	0	 30c7 30d5 30a9 30eb 30c8 9854 30c6 30b9 30c8 005f 0030 0037
0x0000006B	0x00001D70	0x00005E34	131	123	130	122	131	155	151	105	154	155	164	145	131	82	136	71	153	142	95	140	129	102	84	117	96	124	163	103	131	91	72	100	90	116	19	133	111	162	107	162	182	87	159	131	127	107	133	93	187	9	146	124	168	170	67	209	108	156	125	129	104	121	50	105	81	67	80	87	117	66	173	82	98	122	49	104	129	132	135	81	159	122	157	148	211	199	110	142	80	126	130	149	41	64	55	155	107	18	91	100	0	128	128	128	0	165	125	65	0	127	165	178	0	127	165	178	0	128	128	128	0	128	128	128	0	128	128	128	0	128	128	128	0	0	0	0	 30c7 30d5 30a9 30eb 30c8 9854 30c6 30b9 30c8 005f 0030 0038
0x0000006C	0x00001DF8	0x00005E4E	131	121	133	128	129	151	153	105	150	152	166	145	132	81	136	65	158	143	92	133	128	113	87	117	81	127	174	94	127	92	80	105	94	125	21	136	107	161	93	158	184	82	158	129	120	121	120	94	184	15	146	124	168	170	67	209	108	156	125	129	104	121	50	105	81	67	80	87	117	66	173	82	98	122	49	104	129	132	135	81	159	122	157	148	211	199	110	142	80	126	130	149	41	64	55	155	107	18	91	100	0	128	128	128	0	165	125	65	0	127	165	178	0	127	165	178	0	128	128	128	0	128	128	128	0	128	128	128	0	128	128	128	0	0	0	0	 30c7 30d5 30a9 30eb 30c8 9854 30c6 30b9 30c8 005f 0030 0039
0x0000006D	0x00001E80	0x00005E68	130	121	137	126	127	154	153	100	158	154	176	146	153	103	143	65	167	108	73	130	109	108	69	72	71	136	140	79	149	96	97	104	80	124	55	156	136	150	85	147	173	94	120	150	135	116	97	74	166	34	144	126	173	182	59	210	106	155	128	132	106	124	45	100	76	65	77	87	119	65	177	80	97	121	50	103	130	132	133	79	157	121	155	147	210	200	110	143	79	125	129	148	41	64	55	156	107	18	90	99	0	128	128	128	0	165	125	65	0	127	165	178	0	127	165	178	0	128	128	128	0	128	128	128	0	128	128	128	0	128	128	128	0	0	0	0	 30c7 30d5 30a9 30eb 30c8 9854 30c6 30b9 30c8 005f 0031 0030
0x0000006E	0x00001F08	0x00005E82	129	122	127	123	135	155	145	108	149	160	167	162	128	78	132	67	154	135	105	143	127	110	89	117	95	126	163	103	131	90	69	103	91	111	21	132	111	160	106	164	176	87	157	129	128	104	132	94	184	14	141	122	166	185	69	213	115	158	125	124	102	116	43	108	80	59	76	83	126	65	176	82	101	127	40	109	125	134	141	80	161	117	152	148	212	200	111	138	78	133	112	152	18	63	60	145	101	12	90	111	0	128	128	128	0	165	125	65	0	127	165	178	0	127	165	178	0	128	128	128	0	128	128	128	0	128	128	128	0	128	128	128	0	0	0	0	 30c7 30d5 30a9 30eb 30c8 9854 30c6 30b9 30c8 005f 0031 0031
0x0000006F	0x00001F90	0x00005E9C	130	121	128	124	139	156	145	99	146	151	174	161	128	95	141	64	159	141	105	130	131	105	89	101	121	132	162	100	153	101	63	86	84	114	28	124	135	150	115	160	177	89	149	133	133	88	126	80	159	34	140	117	166	169	85	238	124	180	123	108	91	103	52	125	78	64	68	80	184	69	148	98	90	108	62	109	132	143	138	82	165	92	164	223	210	206	114	121	93	148	113	150	4	61	61	147	100	27	96	119	0	128	128	128	0	165	125	65	0	127	165	178	0	127	165	178	0	128	128	128	0	128	128	128	0	128	128	128	0	128	128	128	0	0	0	0	 30c7 30d5 30a9 30eb 30c8 9854 30c6 30b9 30c8 005f 0031 0032
0x00000070	0x00002018	0x00005EB6	133	159	138	92	124	96	120	152	117	145	164	124	122	113	149	93	197	125	120	159	133	178	150	98	122	146	116	176	161	86	66	102	108	167	27	90	148	129	98	123	143	93	151	103	147	115	141	136	148	116	86	212	107	177	110	149	164	123	78	170	24	254	111	86	184	126	252	114	52	128	142	129	172	151	99	156	72	96	196	150	73	176	135	213	89	115	104	195	154	76	152	124	137	150	110	147	122	69	130	147	0	128	128	128	0	80	65	30	0	127	165	178	0	127	165	178	0	128	128	128	0	128	128	128	0	128	128	128	0	128	128	128	0	0	0	0	 30c7 30d5 30a9 30eb 30c8 9854 30c6 30b9 30c8 005f 0031 0033
0x00000071	0x000020A0	0x00005ED0	139	118	130	130	130	150	156	103	139	151	149	151	110	90	138	86	143	165	95	163	154	129	129	164	118	134	174	125	121	83	69	124	72	97	38	109	137	164	85	176	148	106	172	136	155	110	146	93	166	12	145	123	142	131	106	173	118	151	113	119	120	125	93	124	104	79	57	111	157	77	142	91	114	151	87	157	119	136	162	109	127	139	171	151	204	142	139	93	108	136	102	138	87	99	98	98	208	93	101	119	0	128	128	128	0	250	200	115	0	127	165	178	0	127	165	178	0	128	128	128	0	128	128	128	0	128	128	128	0	128	128	128	0	0	0	0	 30c7 30d5 30a9 30eb 30c8 9854 30c6 30b9 30c8 005f 0031 0034
0x00000072	0x00002128	0x00005EEA	143	134	157	146	182	97	90	140	112	78	113	108	91	98	163	54	97	111	81	194	30	165	124	171	141	168	140	181	121	83	62	112	128	134	72	112	126	156	66	84	105	131	103	190	122	70	121	150	133	87	161	100	145	142	112	124	119	161	83	103	166	60	107	99	45	173	117	158	119	40	120	66	140	134	74	155	199	109	159	103	180	73	147	119	162	120	126	129	101	87	149	111	109	93	153	96	106	142	189	91	0	128	128	128	0	110	90	50	0	127	165	178	0	127	165	178	0	128	128	128	0	128	128	128	0	128	128	128	0	128	128	128	0	0	0	0	 30c7 30d5 30a9 30eb 30c8 9854 30c6 30b9 30c8 005f 0031 0035
0x00000073	0x000021B0	0x00005F04	144	132	160	149	181	102	83	137	109	88	117	115	96	107	174	61	98	123	82	184	41	162	117	172	138	167	139	183	115	80	60	114	133	142	82	111	125	159	66	79	108	133	105	188	126	73	124	150	130	95	163	93	162	127	125	119	115	166	81	98	152	86	116	97	35	191	120	147	123	38	133	78	128	128	74	155	188	99	131	116	159	75	145	113	164	131	143	114	97	98	151	122	118	129	147	96	93	128	206	84	0	128	128	128	0	110	90	50	0	127	165	178	0	127	165	178	0	128	128	128	0	128	128	128	0	128	128	128	0	128	128	128	0	0	0	0	 30c7 30d5 30a9 30eb 30c8 9854 30c6 30b9 30c8 005f 0031 0036
0x00000074	0x00002238	0x00005F1E	149	123	160	136	181	94	80	132	106	125	124	97	101	110	146	89	77	130	125	198	52	188	186	152	149	194	129	174	111	75	49	144	90	136	51	85	111	141	67	104	116	140	103	152	147	105	117	164	154	100	158	93	163	128	126	121	114	163	79	101	150	85	118	102	38	193	123	149	120	43	142	82	121	125	82	152	187	101	126	116	164	72	148	112	160	128	143	115	98	101	154	127	120	135	144	97	89	131	203	92	0	128	128	128	0	110	90	50	0	127	165	178	0	127	165	178	0	128	128	128	0	128	128	128	0	128	128	128	0	128	128	128	0	0	0	0	 30c7 30d5 30a9 30eb 30c8 9854 30c6 30b9 30c8 005f 0031 0037
0x00000075	0x000022C0	0x00005F38	134	105	133	138	137	160	138	95	142	156	141	157	103	98	133	85	137	159	88	159	139	132	134	158	111	125	188	114	121	92	64	132	73	97	34	113	124	167	79	172	151	107	169	134	152	104	147	91	170	10	148	130	163	156	79	167	95	148	119	110	130	141	95	121	104	72	44	112	154	80	169	110	105	161	80	168	139	113	176	101	130	153	189	148	197	161	134	186	78	145	103	149	137	96	92	115	217	65	68	121	0	128	128	128	0	250	210	130	0	127	165	178	0	127	165	178	0	128	128	128	0	128	128	128	0	128	128	128	0	128	128	128	0	0	0	0	 30c7 30d5 30a9 30eb 30c8 9854 30c6 30b9 30c8 005f 0031 0038
0x00000076	0x00002348	0x00005F52	140	108	129	132	146	159	151	88	137	158	139	168	107	90	138	83	138	151	89	160	143	117	140	153	115	134	183	96	118	85	59	133	64	92	19	92	127	172	82	177	148	87	182	128	177	112	149	82	174	0	148	129	160	156	78	168	92	147	117	110	132	139	91	120	103	71	48	109	154	74	175	113	104	143	66	161	152	103	168	79	142	149	189	176	203	162	130	195	97	148	109	157	136	83	87	119	209	60	81	134	0	128	128	128	0	250	210	130	0	127	165	178	0	127	165	178	0	128	128	128	0	128	128	128	0	128	128	128	0	128	128	128	0	0	0	0	 30c7 30d5 30a9 30eb 30c8 9854 30c6 30b9 30c8 005f 0031 0039
0x00000077	0x000023D0	0x00005F6C	139	109	123	130	143	165	148	72	145	140	137	175	91	95	145	91	112	160	99	149	112	130	142	157	110	128	171	110	134	84	58	109	37	117	20	88	124	147	75	171	142	122	171	147	169	125	171	84	177	0	150	129	160	157	75	164	93	149	118	108	131	145	95	112	95	69	37	109	155	72	151	99	112	154	68	163	129	113	175	106	129	145	178	152	195	162	140	195	86	140	113	144	113	87	95	104	211	77	78	103	0	128	128	128	0	250	210	130	0	127	165	178	0	127	165	178	0	128	128	128	0	128	128	128	0	128	128	128	0	128	128	128	0	0	0	0	 30c7 30d5 30a9 30eb 30c8 9854 30c6 30b9 30c8 005f 0032 0030
0x00000078	0x00002458	0x00005F86	129	118	129	121	128	154	137	96	133	139	149	143	92	101	149	97	137	168	115	157	153	113	126	147	159	138	173	122	172	95	49	95	68	124	39	85	126	169	63	173	131	98	170	99	182	85	145	103	150	16	89	146	147	161	94	176	98	138	117	124	85	93	88	146	126	63	82	117	114	93	184	98	74	147	113	152	112	104	144	122	143	132	158	192	109	151	147	194	97	155	78	157	90	138	99	102	201	99	67	164	0	128	128	128	0	95	40	5	0	127	165	178	0	127	165	178	0	128	128	128	0	128	128	128	0	128	128	128	0	128	128	128	0	0	0	0	 30c7 30d5 30a9 30eb 30c8 9854 30c6 30b9 30c8 005f 0032 0031
0x00000079	0x000024E0	0x00005FA0	129	118	129	121	128	154	137	96	133	139	149	143	92	101	149	97	137	168	115	157	153	113	126	147	159	138	173	122	172	95	49	95	68	124	39	85	126	169	63	173	131	98	170	99	182	85	145	103	150	16	97	149	148	162	97	175	99	140	116	122	84	95	90	146	123	62	84	117	114	95	184	99	74	148	112	151	112	102	144	122	145	133	157	193	112	154	147	196	96	155	78	157	89	138	100	101	202	100	69	165	0	128	128	128	0	95	40	5	0	127	165	178	0	127	165	178	0	128	128	128	0	128	128	128	0	128	128	128	0	128	128	128	0	0	0	0	 30c7 30d5 30a9 30eb 30c8 9854 30c6 30b9 30c8 005f 0032 0032
0x0000007A	0x00002568	0x00005FBA	129	118	129	121	128	154	137	96	133	139	149	143	92	101	149	97	137	168	115	157	153	113	126	147	159	138	173	122	172	95	49	95	68	124	39	85	126	169	63	173	131	98	170	99	182	85	145	103	150	16	95	148	147	163	98	174	98	140	117	122	86	94	88	146	128	63	84	119	118	94	184	98	75	148	113	154	112	103	147	124	144	132	153	192	112	152	146	197	95	156	74	156	88	136	100	101	206	101	71	163	0	128	128	128	0	95	40	5	0	127	165	178	0	127	165	178	0	128	128	128	0	128	128	128	0	128	128	128	0	128	128	128	0	0	0	0	 30c7 30d5 30a9 30eb 30c8 9854 30c6 30b9 30c8 005f 0032 0033
0x0000007B	0x000025F0	0x00005FD4	156	122	145	131	153	119	156	137	108	168	162	157	94	47	162	60	240	153	43	133	146	166	137	138	68	157	195	195	117	141	75	143	87	114	5	84	156	108	80	157	155	149	152	123	91	153	173	98	193	0	127	126	80	48	161	50	71	110	0	105	124	137	107	222	141	138	255	84	213	59	142	189	254	140	157	79	110	122	84	36	90	56	221	157	128	137	135	7	52	247	98	105	116	143	144	88	172	38	140	179	0	128	128	128	0	160	130	80	0	127	165	178	0	127	165	178	0	128	128	128	0	128	128	128	0	128	128	128	0	128	128	128	0	0	0	0	 30c7 30d5 30a9 30eb 30c8 9854 30c6 30b9 30c8 005f 0032 0034
0x0000007C	0x00002678	0x00005FEE	125	117	122	107	159	155	134	92	147	179	175	172	132	88	102	77	147	145	96	130	135	116	75	122	111	131	172	98	179	62	66	109	37	98	57	145	137	160	106	181	128	98	103	117	155	75	134	68	158	0	151	122	160	152	81	193	104	157	92	91	87	103	82	129	105	105	103	81	214	98	149	103	135	123	97	136	126	136	166	52	140	104	190	168	198	158	116	113	123	144	102	149	54	52	83	110	155	30	105	147	0	128	128	128	0	255	190	130	0	127	165	178	0	127	165	178	0	128	128	128	0	128	128	128	0	128	128	128	0	128	128	128	0	0	0	0	 30c7 30d5 30a9 30eb 30c8 9854 30c6 30b9 30c8 005f 0032 0035
0x0000007D	0x00002700	0x00006008	126	117	124	108	159	155	134	93	147	176	180	170	132	91	102	74	147	148	96	129	135	119	76	120	109	132	171	100	177	65	64	114	37	97	56	141	140	166	105	180	130	98	103	121	155	79	133	66	154	1	136	151	156	120	108	174	108	139	76	79	77	105	102	143	126	112	143	84	176	94	164	140	126	115	114	95	137	137	168	62	142	99	205	161	177	140	100	128	127	143	117	146	98	48	74	112	141	62	104	146	0	128	128	128	0	255	255	255	0	127	165	178	0	127	165	178	0	128	128	128	0	128	128	128	0	128	128	128	0	128	128	128	0	0	0	0	 30c7 30d5 30a9 30eb 30c8 9854 30c6 30b9 30c8 005f 0032 0036
0x0000007E	0x00002788	0x00006022	126	113	125	114	166	155	139	89	148	173	189	169	126	103	103	77	149	136	99	126	125	127	70	109	115	120	176	100	170	71	48	118	40	101	58	139	129	185	91	177	143	94	114	127	168	91	132	68	144	0	141	156	158	121	112	169	102	143	75	74	74	112	105	141	126	109	146	83	180	97	165	140	126	117	113	98	139	132	171	64	145	101	197	161	184	142	99	131	122	141	113	145	93	45	75	111	148	63	110	145	0	128	128	128	0	255	255	255	0	127	165	178	0	127	165	178	0	128	128	128	0	128	128	128	0	128	128	128	0	128	128	128	0	0	0	0	 30c7 30d5 30a9 30eb 30c8 9854 30c6 30b9 30c8 005f 0032 0037
0x0000007F	0x00002810	0x0000603C	134	121	129	122	135	156	147	107	152	158	160	165	126	72	126	76	150	148	110	137	127	118	102	142	99	131	176	105	136	86	69	133	86	84	30	128	120	164	114	172	158	89	161	129	139	111	134	99	167	23	148	157	168	159	102	205	103	185	114	65	83	116	56	113	75	73	113	93	183	67	170	95	105	121	50	114	145	120	158	85	170	109	136	138	225	208	104	145	64	127	96	143	17	42	68	132	134	39	127	88	0	128	128	128	0	50	30	35	0	127	165	178	0	127	165	178	0	128	128	128	0	128	128	128	0	128	128	128	0	128	128	128	0	0	0	0	 30c7 30d5 30a9 30eb 30c8 9854 30c6 30b9 30c8 005f 0032 0038
0x00000080	0x00002898	0x00006056	132	118	128	123	136	158	145	106	140	155	159	167	114	78	117	82	148	154	111	146	148	126	111	144	105	125	171	119	127	80	65	121	82	93	24	132	116	161	103	174	164	81	156	125	148	99	140	88	165	13	145	119	154	164	89	197	96	173	122	85	82	123	64	114	84	52	75	103	168	68	148	122	132	154	88	154	123	133	198	93	119	142	174	73	202	154	134	132	104	143	62	143	78	79	103	85	221	55	69	151	0	128	128	128	0	250	210	130	0	127	165	178	0	127	165	178	0	128	128	128	0	128	128	128	0	128	128	128	0	128	128	128	0	0	0	0	 30c7 30d5 30a9 30eb 30c8 9854 30c6 30b9 30c8 005f 0032 0039
0x00000081	0x00002920	0x00006070	134	120	132	122	134	162	148	99	150	154	167	172	124	92	122	74	159	137	106	155	140	118	102	114	111	143	151	104	143	92	62	107	78	107	25	151	132	161	90	172	164	89	134	140	149	86	133	76	165	18	145	118	150	164	87	198	92	172	120	85	85	121	59	113	82	51	80	99	168	61	155	126	131	132	71	145	139	121	188	66	134	138	174	108	210	155	129	144	128	147	70	153	77	63	97	90	211	49	85	168	0	128	128	128	0	250	210	130	0	255	210	198	0	255	210	198	0	128	128	128	0	128	128	128	0	128	128	128	0	128	128	128	0	0	0	0	 30c7 30d5 30a9 30eb 30c8 9854 30c6 30b9 30c8 005f 0033 0030
0x00000082	0x000029A8	0x0000608A	132	140	145	116	122	132	149	131	146	157	140	118	146	147	120	124	162	108	126	134	136	133	150	90	140	149	73	122	164	137	120	123	101	128	68	172	140	154	113	131	153	154	94	128	150	138	122	117	128	126	131	120	160	182	109	132	149	148	136	114	92	94	172	131	114	146	21	108	106	96	160	197	107	93	153	152	135	81	91	135	105	126	125	126	142	146	134	110	103	143	91	141	175	152	149	104	115	101	141	131	0	128	128	128	0	110	90	50	0	127	165	178	0	127	165	178	0	128	128	128	0	128	128	128	0	128	128	128	0	128	128	128	0	0	0	0	 30c7 30d5 30a9 30eb 30c8 9854 30c6 30b9 30c8 005f 0033 0031
0x00000083	0x00002A30	0x000060A4	137	120	129	125	136	160	153	96	151	152	166	176	114	89	132	73	173	145	102	145	152	105	100	133	121	147	173	109	146	97	70	93	86	104	31	142	131	156	95	176	161	76	153	133	157	74	139	74	150	20	145	118	152	161	90	196	96	173	121	84	81	122	64	115	84	52	75	102	167	68	146	122	132	154	87	154	122	132	198	93	119	142	174	73	202	153	133	131	104	143	62	143	77	78	102	84	220	54	69	151	0	128	128	128	0	250	210	130	0	127	165	178	0	127	165	178	0	128	128	128	0	128	128	128	0	128	128	128	0	128	128	128	0	0	0	0	 30c7 30d5 30a9 30eb 30c8 9854 30c6 30b9 30c8 005f 0033 0032
0x00000084	0x00002AB8	0x000060BE	137	147	138	112	132	135	145	130	144	160	142	119	149	147	136	97	188	106	102	124	142	176	153	75	149	149	79	121	135	135	130	138	113	143	58	175	151	166	112	125	152	145	115	150	152	151	110	121	151	117	139	125	161	177	105	133	139	147	135	115	93	93	173	130	115	142	20	106	106	97	160	198	106	91	153	154	135	82	90	132	105	127	125	125	142	147	134	109	102	141	91	141	176	151	150	104	115	100	142	131	0	128	128	128	0	110	90	50	0	127	165	178	0	127	165	178	0	128	128	128	0	128	128	128	0	128	128	128	0	128	128	128	0	0	0	0	 30c7 30d5 30a9 30eb 30c8 9854 30c6 30b9 30c8 005f 0033 0033
0x00000085	0x00002B40	0x000060D8	135	120	125	115	152	161	143	101	135	162	177	177	107	92	121	71	146	168	122	150	135	115	123	125	141	140	187	119	166	66	32	123	70	102	19	107	129	160	123	171	153	90	168	121	183	74	147	91	153	17	158	111	142	147	95	181	108	163	111	90	77	130	75	110	94	67	79	108	150	77	132	103	115	151	82	125	119	139	214	109	112	132	180	67	186	147	125	127	106	127	105	123	84	65	85	100	216	72	74	127	0	128	128	128	0	255	225	130	0	127	165	178	0	127	165	178	0	128	128	128	0	128	128	128	0	128	128	128	0	128	128	128	0	0	0	0	 30c7 30d5 30a9 30eb 30c8 9854 30c6 30b9 30c8 005f 0033 0034
0x00000086	0x00002BC8	0x000060F2	155	128	137	131	126	148	137	113	133	150	161	147	90	48	169	44	160	123	86	117	79	124	92	94	131	174	142	137	131	50	66	133	51	65	10	114	133	180	128	175	88	114	182	97	182	112	146	117	234	7	168	55	176	204	80	141	112	120	109	154	166	75	0	24	71	42	129	92	93	2	168	76	129	118	0	145	153	102	166	26	61	105	202	158	116	181	113	149	146	189	61	104	148	89	103	102	210	0	136	207	0	128	128	128	0	250	255	220	0	127	165	178	0	127	165	178	0	128	128	128	0	128	128	128	0	128	128	128	0	128	128	128	0	0	0	0	 30c7 30d5 30a9 30eb 30c8 9854 30c6 30b9 30c8 005f 0033 0035
0x00000087	0x00002C50	0x0000610C	158	130	133	135	134	147	143	103	147	144	176	156	111	65	174	51	170	130	78	103	93	117	54	83	149	192	114	120	166	67	74	146	88	84	0	119	114	189	123	125	89	98	193	120	190	114	140	117	248	38	163	105	181	165	122	146	146	133	83	91	134	65	2	37	13	44	136	75	100	1	217	41	143	166	0	129	151	121	184	0	98	116	220	94	185	184	86	87	133	175	49	94	77	73	89	40	178	30	184	231	0	128	128	128	0	255	255	235	0	127	165	178	0	127	165	178	0	128	128	128	0	128	128	128	0	128	128	128	0	128	128	128	0	0	0	0	 30c7 30d5 30a9 30eb 30c8 9854 30c6 30b9 30c8 005f 0033 0036
0x00000088	0x00002CD8	0x00006126	165	130	134	133	138	139	148	103	130	196	164	145	59	56	156	70	152	135	106	105	56	133	103	130	91	173	138	122	141	77	80	133	31	82	7	115	121	168	118	173	78	103	197	96	169	137	150	89	237	23	160	100	173	137	148	148	150	138	86	99	123	58	12	70	35	49	127	78	114	4	200	44	133	166	0	130	153	113	176	23	97	103	216	213	199	196	87	81	129	186	46	92	61	90	88	58	172	33	186	215	0	128	128	128	0	255	255	235	0	127	165	178	0	127	165	178	0	128	128	128	0	128	128	128	0	128	128	128	0	128	128	128	0	0	0	0	 30c7 30d5 30a9 30eb 30c8 9854 30c6 30b9 30c8 005f 0033 0037
0x00000089	0x00002D60	0x00006140	156	127	129	135	136	143	138	111	149	147	181	183	118	48	152	28	170	106	113	127	70	151	65	68	143	194	120	99	180	88	86	162	90	72	0	121	108	186	115	138	87	96	176	125	175	114	130	118	255	37	162	111	187	156	165	129	169	139	27	62	158	40	42	31	27	52	177	62	202	17	200	7	121	144	5	160	154	111	180	12	161	79	127	94	255	213	61	99	26	148	7	88	6	23	122	72	132	12	221	153	0	128	128	128	0	255	255	235	0	127	165	178	0	127	165	178	0	128	128	128	0	128	128	128	0	128	128	128	0	128	128	128	0	0	0	0	 30c7 30d5 30a9 30eb 30c8 9854 30c6 30b9 30c8 005f 0033 0038
0x0000008A	0x00002DE8	0x0000615A	129	141	111	97	137	123	162	118	167	158	180	158	121	72	125	83	158	118	112	124	135	98	117	91	127	123	156	83	145	80	84	89	35	65	41	128	146	150	96	185	161	102	108	139	120	71	106	80	93	54	139	111	115	205	60	149	120	158	145	101	85	120	72	111	83	76	75	114	145	70	100	87	111	111	68	115	143	64	163	60	125	109	174	233	77	179	116	133	161	120	132	121	106	48	66	129	221	74	113	172	0	128	128	128	0	70	45	25	0	127	165	178	0	127	165	178	0	128	128	128	0	128	128	128	0	128	128	128	0	128	128	128	0	0	0	0	 30c7 30d5 30a9 30eb 30c8 9854 30c6 30b9 30c8 005f 0033 0039
0x0000008B	0x00002E70	0x00006174	132	146	115	98	135	125	157	124	171	162	183	154	124	70	163	77	173	105	104	112	122	86	100	93	131	131	169	99	159	88	97	89	50	65	46	132	147	158	123	177	157	101	125	134	118	81	113	87	93	67	138	100	102	178	83	145	138	151	119	92	101	118	78	97	121	80	98	108	125	61	91	114	127	104	55	105	142	94	201	74	114	116	170	119	64	146	115	142	165	125	123	122	126	22	80	131	219	77	97	153	0	128	128	128	0	70	45	25	0	127	165	178	0	127	165	178	0	128	128	128	0	128	128	128	0	128	128	128	0	128	128	128	0	0	0	0	 30c7 30d5 30a9 30eb 30c8 9854 30c6 30b9 30c8 005f 0034 0030
0x0000008C	0x00002EF8	0x0000618E	144	152	109	114	141	131	150	114	172	165	170	91	145	115	177	88	203	111	46	137	95	146	113	105	150	132	163	47	134	88	69	97	61	133	14	180	131	152	83	154	204	111	130	162	108	118	110	86	152	31	142	105	101	183	77	134	132	142	135	102	82	127	90	106	108	66	82	99	127	67	78	113	113	101	67	94	140	79	183	72	114	106	167	209	76	158	111	138	166	125	127	113	114	25	69	136	215	78	99	159	0	128	128	128	0	70	45	25	0	127	165	178	0	127	165	178	0	128	128	128	0	128	128	128	0	128	128	128	0	128	128	128	0	0	0	0	 30c7 30d5 30a9 30eb 30c8 9854 30c6 30b9 30c8 005f 0034 0031
0x0000008D	0x00002F80	0x000061A8	137	137	131	110	148	138	152	102	121	159	170	155	122	69	139	69	175	123	115	135	132	116	93	121	118	160	152	88	143	97	79	134	69	83	30	128	130	170	102	170	141	92	138	133	153	109	149	62	146	9	134	119	141	180	91	196	123	180	122	79	94	117	47	106	84	58	78	101	175	57	142	100	140	140	27	132	141	123	217	60	138	124	193	141	196	155	120	143	160	142	98	141	54	44	88	92	204	69	113	188	0	128	128	128	0	70	45	25	0	127	165	178	0	127	165	178	0	128	128	128	0	128	128	128	0	128	128	128	0	128	128	128	0	0	0	0	 30c7 30d5 30a9 30eb 30c8 9854 30c6 30b9 30c8 005f 0034 0032
0x0000008E	0x00003008	0x000061C2	121	145	144	116	145	139	127	106	121	160	172	149	136	77	129	74	159	92	106	125	81	95	86	92	108	162	139	90	161	97	70	136	60	72	28	109	109	176	91	146	140	94	127	111	170	118	132	74	150	31	129	132	175	225	45	149	97	144	78	121	168	174	54	101	97	129	75	142	198	79	189	20	89	181	0	122	121	109	184	79	117	86	225	187	123	192	114	85	105	117	201	132	60	103	26	140	153	66	174	120	0	128	128	128	0	250	210	130	0	127	165	178	0	127	165	178	0	128	128	128	0	128	128	128	0	128	128	128	0	128	128	128	0	0	0	0	 30c7 30d5 30a9 30eb 30c8 9854 30c6 30b9 30c8 005f 0034 0033
0x0000008F	0x00003090	0x000061DC	143	116	124	122	134	144	134	103	131	171	152	162	108	71	134	86	159	145	131	145	132	105	113	154	129	128	171	88	163	97	51	138	83	103	0	137	100	164	85	177	179	90	151	121	131	101	149	86	186	4	146	113	146	171	92	174	96	141	90	76	121	155	66	134	100	69	105	129	190	27	181	100	113	154	3	151	165	106	194	61	172	104	186	177	167	142	111	107	97	144	100	167	69	70	80	107	166	37	113	148	0	128	128	128	0	255	205	95	0	127	165	178	0	127	165	178	0	128	128	128	0	128	128	128	0	128	128	128	0	128	128	128	0	0	0	0	 30c7 30d5 30a9 30eb 30c8 9854 30c6 30b9 30c8 005f 0034 0034
0x00000090	0x00003118	0x000061F6	142	113	123	124	135	145	132	100	131	172	152	162	107	73	134	84	158	144	130	144	132	105	113	154	128	127	171	87	162	97	51	138	83	103	0	135	99	164	84	176	179	90	151	121	131	100	148	85	186	4	142	113	142	170	84	184	101	131	95	84	135	152	73	137	95	62	94	132	194	28	170	94	106	149	3	141	151	100	190	68	178	105	164	179	171	129	109	124	109	129	102	172	43	54	64	101	156	71	113	123	0	128	128	128	0	255	205	95	0	127	165	178	0	127	165	178	0	128	128	128	0	128	128	128	0	128	128	128	0	128	128	128	0	0	0	0	 30c7 30d5 30a9 30eb 30c8 9854 30c6 30b9 30c8 005f 0034 0035
0x00000091	0x000031A0	0x00006210	142	113	123	124	135	145	132	100	131	172	152	162	107	73	134	84	158	144	130	144	132	105	113	154	128	127	171	87	162	97	51	138	83	103	0	135	99	164	84	176	179	90	151	121	131	100	148	85	186	4	146	138	140	178	97	154	97	188	99	65	144	153	65	135	105	50	134	81	183	58	167	51	92	107	0	129	139	105	103	18	220	90	187	177	197	136	126	163	112	149	140	149	35	75	71	113	149	69	47	182	0	128	128	128	0	255	205	95	0	127	165	178	0	127	165	178	0	128	128	128	0	128	128	128	0	128	128	128	0	128	128	128	0	0	0	0	 30c7 30d5 30a9 30eb 30c8 9854 30c6 30b9 30c8 005f 0034 0036
0x00000092	0x00003228	0x0000622A	142	113	123	124	135	145	132	100	131	172	152	162	107	73	134	84	158	144	130	144	132	105	113	154	128	127	171	87	162	97	51	138	83	103	0	135	99	164	84	176	179	90	151	121	131	100	148	85	186	4	145	138	139	177	97	152	98	189	97	58	144	156	64	122	100	51	139	76	177	63	176	46	94	107	8	115	145	111	124	24	217	73	191	180	193	143	147	147	117	156	142	147	34	86	105	96	156	72	74	201	0	128	128	128	0	255	205	95	0	127	165	178	0	127	165	178	0	128	128	128	0	128	128	128	0	128	128	128	0	128	128	128	0	0	0	0	 30c7 30d5 30a9 30eb 30c8 9854 30c6 30b9 30c8 005f 0034 0037
0x00000093	0x000032B0	0x00006244	129	173	129	91	204	52	103	158	138	186	147	103	145	83	146	155	111	113	151	219	107	119	122	189	155	156	158	125	96	56	85	166	114	142	96	188	140	151	141	170	170	141	82	207	45	84	145	172	165	61	143	109	135	37	218	116	166	170	49	138	129	74	116	54	73	127	160	108	25	36	20	116	126	76	184	111	118	167	78	222	64	57	70	151	216	134	69	139	52	77	157	9	92	45	50	83	103	179	156	0	0	128	128	128	0	250	250	205	0	127	165	178	0	127	165	178	0	128	128	128	0	128	128	128	0	128	128	128	0	128	128	128	0	0	0	0	 30c7 30d5 30a9 30eb 30c8 9854 30c6 30b9 30c8 005f 0034 0038
0x00000094	0x00003338	0x0000625E	101	153	125	109	135	102	96	142	99	101	180	127	105	133	181	102	130	85	141	140	118	125	112	98	171	154	148	176	136	114	123	28	120	162	93	94	114	181	108	143	148	106	125	77	102	93	142	136	127	99	68	192	117	166	100	143	142	146	166	71	149	206	78	110	122	125	113	159	167	163	87	92	188	157	127	165	109	105	130	140	219	125	128	177	75	103	96	150	134	79	209	178	23	62	86	133	99	171	143	54	0	128	128	128	0	55	25	0	0	127	165	178	0	127	165	178	0	128	128	128	0	128	128	128	0	128	128	128	0	128	128	128	0	0	0	0	 30c7 30d5 30a9 30eb 30c8 9854 30c6 30b9 30c8 005f 0034 0039
0x00000095	0x000033C0	0x00006278	105	147	125	113	114	121	94	138	119	82	162	149	134	146	144	95	104	120	142	148	114	143	116	95	173	146	132	167	174	100	111	51	132	159	119	84	142	159	89	145	109	90	114	82	133	38	112	141	123	133	64	188	123	153	74	153	127	112	150	85	174	242	83	150	145	153	87	187	170	167	136	103	200	166	116	197	114	108	115	136	242	142	148	202	39	115	90	212	110	92	235	213	60	71	71	145	85	129	108	19	0	128	128	128	0	70	55	20	0	127	165	178	0	127	165	178	0	128	128	128	0	128	128	128	0	128	128	128	0	128	128	128	0	0	0	0	 30c7 30d5 30a9 30eb 30c8 9854 30c6 30b9 30c8 005f 0035 0030
0x0000012C	0x00003448	0x00006292	141	109	118	149	116	144	141	112	114	137	142	122	115	164	119	105	140	105	117	129	70	109	111	134	114	171	116	116	116	111	122	151	134	161	130	110	131	99	103	161	156	166	107	162	159	120	176	129	135	107	136	156	123	86	113	159	106	160	142	94	87	112	113	141	135	130	78	130	151	110	138	159	124	95	150	105	128	172	131	122	103	175	138	88	138	131	127	87	73	157	139	95	156	142	131	151	143	132	145	153	0	128	128	128	0	255	204	153	0	127	165	178	0	127	165	178	0	128	128	128	0	128	128	128	0	128	128	128	0	128	128	128	0	0	0	0	 7070 8272 306e 8056 5973
0x000003E8	0x000034D0	0x0000629E	132	144	138	109	121	115	125	138	129	149	116	119	122	97	120	138	152	139	149	130	141	136	168	156	129	137	133	142	144	112	99	138	118	121	63	126	108	138	128	142	136	129	148	98	133	131	149	147	140	111	127	111	141	142	132	135	151	122	109	136	94	75	172	108	129	138	157	114	134	66	124	181	107	91	165	147	128	97	133	141	85	103	118	140	131	106	133	122	124	141	74	130	166	156	168	111	123	112	155	126	0	128	128	128	0	110	90	50	0	127	165	178	0	127	165	178	0	128	128	128	0	128	128	128	0	128	128	128	0	128	128	128	0	0	0	0	 5e73 6c11 9854
0x000003E9	0x00003558	0x000062A6	116	145	129	126	116	119	147	141	128	138	108	130	127	122	161	142	129	100	119	110	108	116	104	126	123	126	115	132	128	156	146	138	128	112	109	134	128	140	124	110	146	135	127	142	123	134	143	143	141	119	94	142	133	209	91	160	138	133	137	129	136	174	74	131	140	142	111	90	145	130	180	118	128	115	188	115	129	110	98	86	127	113	182	77	104	68	151	131	196	142	146	129	176	193	118	111	137	194	81	219	0	128	128	128	0	110	90	50	0	127	165	178	0	127	165	178	0	128	128	128	0	128	128	128	0	128	128	128	0	128	128	128	0	0	0	0	 4e94 6307 6cb3 306e 8fb2 6c11 9854
0x000003EA	0x000035E0	0x000062B6	134	130	131	116	127	139	142	110	136	129	136	151	116	61	134	131	106	167	107	139	171	75	137	167	108	132	169	114	138	106	97	112	62	94	47	97	76	152	60	164	159	133	159	113	147	128	146	106	162	18	131	123	130	155	117	173	120	150	107	126	105	108	106	151	124	95	88	144	126	99	156	124	78	138	129	135	120	132	140	114	142	120	189	155	183	139	145	98	107	147	125	159	106	123	80	105	190	114	97	136	0	128	128	128	0	110	90	50	0	127	165	178	0	127	165	178	0	128	128	128	0	128	128	128	0	128	128	128	0	128	128	128	0	0	0	0	 30a2 30b9 30c8 30e9 306e 8cb4 65cf 9854
0x000003EB	0x00003668	0x000062C8	135	139	139	117	141	113	130	138	129	147	124	122	129	107	155	130	114	131	131	128	136	146	106	167	136	134	121	144	124	128	127	124	137	147	112	128	82	188	94	124	147	112	118	139	110	162	143	126	165	102	147	107	150	124	135	118	130	139	106	139	98	47	147	125	119	177	108	125	136	69	112	123	118	113	140	168	166	160	130	152	121	80	150	117	106	113	130	120	107	133	115	96	150	136	150	131	125	132	146	140	0	128	128	128	0	110	90	50	0	127	165	178	0	127	165	178	0	128	128	128	0	128	128	128	0	128	128	128	0	128	128	128	0	0	0	0	 7adc 5b66 9662 306e 66f8 751f 9854
0x000003EC	0x000036F0	0x000062D8	141	149	136	103	116	118	136	143	125	114	119	117	131	106	120	135	131	127	132	128	122	120	125	122	133	130	123	127	125	124	121	119	123	121	122	136	129	125	127	129	125	124	124	123	127	132	132	129	124	122	139	105	167	155	108	141	162	160	142	121	71	22	122	47	103	196	102	123	98	83	150	102	180	98	179	90	150	219	137	116	169	106	156	95	172	155	185	78	85	227	85	84	101	84	246	90	195	52	179	170	0	128	128	128	0	250	210	130	0	127	165	178	0	127	165	178	0	128	128	128	0	128	128	128	0	128	128	128	0	128	128	128	0	0	0	0	 30bd 30eb 30ed 30f3 30c9 306e 8056 8005 9854
0x000003ED	0x00003778	0x000062EC	113	119	124	126	144	115	103	129	126	103	161	115	133	138	144	118	107	114	149	133	108	136	87	96	142	142	105	146	152	106	102	108	134	142	134	77	143	160	88	113	108	94	130	83	138	102	90	138	115	126	56	239	135	124	74	140	89	162	186	28	184	250	38	148	115	133	110	148	166	103	122	106	255	195	100	177	149	64	135	120	224	135	195	219	20	95	79	205	160	76	249	186	84	81	79	130	93	201	131	75	0	128	128	128	0	160	130	80	0	127	165	178	0	127	165	178	0	128	128	128	0	128	128	128	0	128	128	128	0	128	128	128	0	0	0	0	 30ab 30bf 30ea 30ca 306e 967d 6c17 9854
0x000003EE	0x00003800	0x000062FE	127	138	128	134	144	103	124	140	117	125	115	114	136	124	142	130	129	143	101	142	129	139	145	143	107	127	143	137	129	135	147	150	135	135	123	135	140	127	124	121	116	145	137	133	108	131	121	124	139	139	163	127	132	138	132	111	74	207	146	105	107	97	30	78	71	97	161	93	175	84	62	92	186	155	139	137	111	176	168	106	54	129	149	75	238	187	155	141	84	134	65	79	72	163	231	127	135	63	81	68	0	128	128	128	0	250	210	130	0	127	165	178	0	127	165	178	0	128	128	128	0	128	128	128	0	128	128	128	0	128	128	128	0	0	0	0	 30ab 30ea 30e0 306e 9670 6c17 9854
0x000003EF	0x00003888	0x0000630E	123	126	143	129	130	133	128	111	127	136	129	148	120	127	117	142	115	103	140	131	120	135	126	144	128	125	127	112	136	148	122	145	127	117	121	126	116	125	122	145	146	123	115	140	115	150	139	146	135	120	135	138	111	140	112	124	117	148	207	91	58	84	53	124	76	65	115	83	108	91	75	177	191	164	146	130	117	140	110	90	118	128	200	115	93	87	127	119	168	167	101	136	89	125	94	102	113	151	147	226	0	128	128	128	0	160	130	80	0	127	165	178	0	127	165	178	0	128	128	128	0	128	128	128	0	128	128	128	0	128	128	128	0	0	0	0	 30bc 30ca 306e 53e4 9854
0x000003F0	0x00003910	0x0000631A	139	137	117	67	107	128	153	174	167	128	176	131	152	106	129	82	149	120	143	124	162	108	109	132	144	118	108	121	120	119	127	127	135	129	116	151	121	186	144	142	149	119	135	147	112	170	128	130	115	123	95	154	107	173	145	104	134	147	188	69	59	159	71	130	118	130	223	122	134	104	101	110	184	101	164	91	116	126	178	184	126	87	64	127	120	114	140	140	177	92	140	109	67	134	139	97	149	183	144	112	0	128	128	128	0	110	90	50	0	127	165	178	0	127	165	178	0	128	128	128	0	128	128	128	0	128	128	128	0	128	128	128	0	0	0	0	 5927 6cbc 306e 7570 76f8
0x000003F1	0x00003998	0x00006326	142	108	154	148	120	123	124	141	168	76	116	145	142	89	138	106	91	157	91	88	119	119	107	146	120	157	118	114	135	54	100	157	147	116	95	172	137	120	101	141	117	100	123	143	138	105	113	182	133	139	112	147	81	157	152	138	194	139	155	105	47	152	118	105	117	52	216	66	109	162	91	90	129	115	93	143	78	138	130	119	157	178	63	139	102	135	172	77	111	124	55	127	77	178	162	110	162	55	90	254	0	128	128	128	0	110	90	50	0	127	165	178	0	127	165	178	0	128	128	128	0	128	128	128	0	128	128	128	0	128	128	128	0	0	0	0	 6771 306e 7570 4eba 9854
0x000007D0	0x00003A20	0x00006332	129	110	128	134	126	152	137	95	144	132	130	149	113	84	138	128	105	161	109	132	169	82	143	165	109	129	158	110	132	113	102	117	72	100	54	98	79	151	71	160	157	135	157	118	148	125	141	108	161	28	135	127	136	138	113	174	103	148	107	127	105	113	107	151	122	92	85	138	128	99	160	121	78	136	131	138	122	133	136	113	145	125	188	153	185	138	145	97	107	144	130	159	108	124	81	107	192	114	98	136	0	128	128	128	0	110	90	50	0	127	165	178	0	127	165	178	0	128	128	128	0	128	128	128	0	128	128	128	0	128	128	128	0	0	0	0	 5e73 6c11 9854
0x000007D1	0x00003AA8	0x0000633A	130	113	133	128	122	149	136	105	132	142	139	146	105	85	132	111	121	168	113	164	166	87	129	167	127	139	176	143	159	100	68	99	69	112	43	95	102	162	52	173	151	101	159	101	160	96	146	103	158	31	116	125	135	151	106	178	111	144	113	132	113	101	94	150	136	98	85	144	136	95	173	120	79	144	137	146	132	137	145	111	132	126	193	148	181	134	135	87	101	145	114	156	127	126	81	117	202	104	90	141	0	128	128	128	0	160	130	80	0	127	165	178	0	127	165	178	0	128	128	128	0	128	128	128	0	128	128	128	0	128	128	128	0	0	0	0	 4e94 6307 6cb3 306e 8fb2 6c11 9854
0x000007D2	0x00003B30	0x0000634A	131	118	128	122	135	157	144	106	142	155	159	164	116	76	122	78	150	148	111	142	143	123	104	143	104	126	171	117	132	81	68	124	80	90	29	134	121	165	105	176	158	82	153	124	147	101	138	86	162	12	144	116	144	148	95	196	99	170	115	84	80	114	66	121	99	59	73	106	172	71	144	107	129	158	80	152	119	141	212	102	119	135	176	73	193	151	131	124	104	139	72	135	65	75	100	86	220	61	77	149	0	128	128	128	0	250	210	130	0	127	165	178	0	127	165	178	0	128	128	128	0	128	128	128	0	128	128	128	0	128	128	128	0	0	0	0	 30a2 30b9 30c8 30e9 306e 8cb4 65cf 9854
0x000007D3	0x00003BB8	0x0000635C	137	106	125	134	123	153	127	94	138	170	140	148	121	112	146	79	133	107	142	130	104	139	73	144	89	167	138	112	131	121	78	100	142	121	58	100	114	107	97	135	130	74	163	120	134	143	150	101	196	50	149	112	128	137	85	146	95	121	93	144	110	125	102	129	132	121	117	158	197	78	127	54	122	147	152	183	146	160	157	108	186	115	167	148	177	87	93	82	42	127	151	119	97	72	85	148	220	93	108	108	0	128	128	128	0	110	90	50	0	127	165	178	0	127	165	178	0	128	128	128	0	128	128	128	0	128	128	128	0	128	128	128	0	0	0	0	 7adc 5b66 9662 306e 66f8 751f 9854
0x000007D4	0x00003C40	0x0000636C	136	105	126	139	117	137	118	117	148	151	115	118	116	107	153	120	138	135	111	120	132	147	95	172	163	147	167	157	113	99	99	136	133	111	94	91	108	168	111	135	119	154	178	143	149	118	173	153	170	12	152	121	152	117	90	160	66	149	117	157	120	105	99	134	94	135	108	136	147	96	138	63	141	159	54	203	106	142	151	114	165	124	124	174	96	115	120	98	119	103	143	108	65	155	117	139	123	74	162	144	0	128	128	128	0	250	210	130	0	127	165	178	0	127	165	178	0	128	128	128	0	128	128	128	0	128	128	128	0	128	128	128	0	0	0	0	 30bd 30eb 30ed 30f3 30c9 306e 8056 8005 9854
0x000007D5	0x00003CC8	0x00006380	128	106	139	145	136	139	128	119	134	110	160	123	123	140	144	122	133	108	159	128	126	132	107	93	123	144	135	144	111	78	125	119	147	174	123	110	138	155	100	141	133	78	153	117	148	107	111	134	159	92	73	185	137	110	119	120	98	85	164	62	134	95	117	154	170	118	113	161	162	41	164	195	96	131	122	140	181	89	123	127	193	93	231	171	0	73	115	157	129	156	145	182	242	174	125	136	95	179	133	178	0	128	128	128	0	60	60	50	0	127	165	178	0	127	165	178	0	128	128	128	0	128	128	128	0	128	128	128	0	128	128	128	0	0	0	0	 30ab 30bf 30ea 30ca 306e 967d 6c17 9854
0x000007D6	0x00003D50	0x00006392	134	128	134	130	161	114	122	116	156	151	124	130	135	123	136	146	106	145	86	151	105	118	141	140	90	133	135	111	155	117	144	170	133	124	122	190	96	144	157	112	123	177	134	132	142	132	125	139	151	103	142	147	131	123	133	134	99	138	117	132	126	112	83	142	138	148	122	133	143	107	125	140	117	153	117	126	130	145	155	139	109	164	165	115	98	71	140	155	181	127	153	158	190	161	138	123	142	190	87	164	0	128	128	128	0	160	130	80	0	127	165	178	0	127	165	178	0	128	128	128	0	128	128	128	0	128	128	128	0	128	128	128	0	0	0	0	 30ab 30ea 30e0 306e 9670 6c17 9854
0x000007D7	0x00003DD8	0x000063A2	135	115	130	146	130	140	150	107	127	107	131	125	148	115	146	116	113	91	86	114	121	150	140	145	66	162	92	89	176	129	110	132	87	101	103	110	130	163	108	158	155	117	109	177	100	157	139	153	137	126	147	123	124	129	111	112	101	120	152	99	118	107	54	122	62	57	85	97	146	70	99	105	187	193	31	158	130	146	153	63	153	147	172	68	118	95	106	101	133	146	113	127	60	78	96	100	107	112	153	201	0	128	128	128	0	100	60	55	0	127	165	178	0	127	165	178	0	128	128	128	0	128	128	128	0	128	128	128	0	128	128	128	0	0	0	0	 30bc 30ca 306e 53e4 9854
0x000007D8	0x00003E60	0x000063AE	136	109	133	125	134	117	136	112	122	110	112	123	130	104	151	96	107	154	118	154	114	117	150	152	129	205	132	189	81	86	74	158	123	127	116	150	146	131	66	136	91	136	97	161	103	89	162	130	153	138	125	152	131	157	142	155	130	187	118	95	115	111	38	60	56	120	229	124	185	54	140	50	103	80	112	129	161	179	127	87	80	127	144	21	235	153	145	17	86	96	104	59	207	196	172	121	203	106	140	180	0	128	128	128	0	110	90	50	0	127	165	178	0	127	165	178	0	128	128	128	0	128	128	128	0	128	128	128	0	128	128	128	0	0	0	0	 5927 6cbc 306e 7570 76f8
0x000007D9	0x00003EE8	0x000063BA	134	102	132	140	114	148	146	130	166	108	120	150	146	112	142	95	134	111	94	91	125	80	122	143	72	153	97	128	96	102	173	100	157	143	129	164	142	123	97	131	123	89	121	159	147	119	128	112	104	151	134	113	106	121	126	77	99	90	94	120	95	87	157	167	91	80	184	87	110	73	168	64	81	184	46	156	114	82	114	59	140	157	187	5	106	10	181	11	137	120	73	162	161	205	146	66	112	157	116	255	0	128	128	128	0	110	90	50	0	127	165	178	0	127	165	178	0	128	128	128	0	128	128	128	0	128	128	128	0	128	128	128	0	0	0	0	 6771 306e 7570 4eba 9854
0x00001770	0x00003F70	0x000063C6	124	146	139	112	139	132	124	126	143	158	190	136	111	78	128	69	172	100	116	135	97	121	124	86	99	152	134	64	141	98	76	139	64	71	27	144	91	169	72	153	167	90	107	124	128	106	120	108	131	71	114	128	159	235	43	142	118	135	100	132	164	167	67	112	98	134	72	156	188	85	170	24	72	181	32	98	126	87	185	86	106	77	225	255	129	195	109	81	114	106	209	125	75	100	11	150	160	89	180	109	0	128	128	128	0	250	210	130	0	127	165	255	0	127	165	255	0	128	128	128	0	128	128	128	0	128	128	128	0	128	128	128	0	0	0	0	 592a 967d 306e 9a0e 58eb
0x00001771	0x00003FF8	0x000063D2	124	146	139	112	139	132	124	126	143	158	190	136	111	78	128	69	172	100	116	135	97	121	124	86	99	152	134	64	141	98	76	139	64	71	27	144	91	169	72	153	167	90	107	124	128	106	120	108	131	71	114	128	159	235	43	142	118	135	100	132	164	167	67	112	98	134	72	156	188	85	170	24	72	181	32	98	126	87	185	86	106	77	225	255	129	195	109	81	114	106	209	125	75	100	11	150	160	89	180	109	0	128	128	128	0	250	210	130	0	127	165	255	0	127	165	255	0	128	128	128	0	128	128	128	0	128	128	128	0	128	128	128	0	0	0	0	 592a 967d 306e 9a0e 58eb ff08 592a 967d 866b 0056 0065 0072 ff09
0x00001772	0x00004080	0x000063EE	124	146	139	112	139	132	124	126	143	158	190	136	111	78	128	69	172	100	116	135	97	121	124	86	99	152	134	64	141	98	76	139	64	71	27	144	91	169	72	153	167	90	107	124	128	106	120	108	131	71	114	128	159	235	43	142	118	135	100	132	164	167	67	112	98	134	72	156	188	85	170	24	72	181	32	98	126	87	185	86	106	77	225	255	129	195	109	81	114	106	209	125	75	100	11	150	160	89	180	109	0	128	128	128	0	250	210	130	0	127	165	255	0	127	165	255	0	128	128	128	0	128	128	128	0	128	128	128	0	128	128	128	0	0	0	0	 592a 967d 306e 9a0e 58eb ff08 4ea1 8005 ff09
0x0000177A	0x00004108	0x00006402	131	114	129	126	142	158	145	93	156	165	152	184	130	83	105	79	148	149	106	148	133	124	109	138	104	145	180	58	138	90	67	118	87	89	44	125	114	145	80	183	160	78	148	133	146	86	129	91	156	31	141	149	133	142	93	174	106	177	133	90	64	88	88	143	78	86	116	97	157	99	116	97	79	106	104	95	142	67	105	77	151	113	156	249	124	231	108	128	79	120	111	132	87	83	58	182	158	37	90	92	0	128	128	128	0	200	160	105	0	127	165	178	0	127	165	178	0	128	128	128	0	128	128	128	0	128	128	128	0	128	128	128	0	0	0	0	 6697 6708 306e 9a0e 58eb
0x00001784	0x00004190	0x0000640E	143	122	124	118	132	141	132	106	133	169	154	157	114	66	145	80	163	131	129	138	121	100	98	150	127	133	166	85	175	98	57	144	84	99	6	142	105	171	89	172	167	91	148	121	130	107	146	84	182	8	132	134	134	195	101	153	114	190	99	64	144	148	64	135	107	53	137	87	181	58	163	54	92	109	0	126	137	104	107	19	217	85	188	179	195	137	126	164	112	152	135	149	33	74	70	111	147	69	46	182	0	128	128	128	0	250	210	130	0	250	210	130	0	250	210	130	0	128	128	128	0	128	128	128	0	128	128	128	0	128	128	128	0	0	0	0	 9a0e 58eb 30aa 30b9 30c8 30e9
0x00001785	0x00004218	0x0000641C	143	122	124	118	132	141	132	106	133	169	154	157	114	66	145	80	163	131	129	138	121	100	98	150	127	133	166	85	175	98	57	144	84	99	6	142	105	171	89	172	167	91	148	121	130	107	146	84	182	8	132	134	134	195	101	153	114	190	99	64	144	148	64	135	107	53	137	87	181	58	163	54	92	109	0	126	137	104	107	19	217	85	188	179	195	137	126	164	112	152	135	149	33	74	70	111	147	69	46	182	0	128	128	128	0	250	210	130	0	250	210	130	0	250	210	130	0	128	128	128	0	128	128	128	0	128	128	128	0	128	128	128	0	0	0	0	 9a0e 58eb 30aa 30b9 30c8 30e9 ff08 6575 5bfe ff09
0x0000178E	0x000042A0	0x00006432	129	173	129	91	204	52	103	158	138	186	147	103	145	83	146	155	111	113	151	219	107	119	122	189	155	156	158	125	96	56	85	166	114	142	96	188	140	151	141	170	170	141	82	207	45	84	145	172	165	61	143	109	135	37	218	116	166	170	49	138	129	74	116	54	73	127	160	108	25	36	20	116	126	76	184	111	118	167	78	222	64	57	70	151	216	134	69	139	52	77	157	9	92	45	50	83	103	179	156	0	0	128	128	128	0	250	250	205	0	90	195	255	0	90	195	255	0	128	128	128	0	128	128	128	0	128	128	128	0	128	128	128	0	0	0	0	 201d 30d3 30c3 30b0 30cf 30c3 30c8 201d 30ed 30ac 30fc 30f3
0x0000178F	0x00004328	0x0000644C	129	173	129	91	204	52	103	158	138	186	147	103	145	83	146	155	111	113	151	219	107	119	122	189	155	156	158	125	96	56	85	166	114	142	96	188	140	151	141	170	170	141	82	207	45	84	145	172	165	61	143	109	135	37	218	116	166	170	49	138	129	74	116	54	73	127	160	108	25	36	20	116	126	76	184	111	118	167	78	222	64	57	70	151	216	134	69	139	52	77	157	9	92	45	50	83	103	179	156	0	0	128	128	128	0	250	250	205	0	90	195	255	0	90	195	255	0	128	128	128	0	128	128	128	0	128	128	128	0	128	128	128	0	0	0	0	 201d 30d3 30c3 30b0 30cf 30c3 30c8 201d 30ed 30ac 30fc 30f3 ff08 4ea1 8005 ff09
0x00001798	0x000043B0	0x0000646E	147	137	149	107	122	108	144	132	150	138	124	119	139	91	154	129	128	124	124	126	100	140	115	176	126	153	110	138	106	116	111	140	139	120	108	153	82	176	85	122	139	129	115	138	116	169	139	146	172	90	130	114	193	161	127	197	125	198	88	94	140	62	85	105	46	124	81	109	171	67	140	103	151	172	70	194	162	145	193	117	149	120	135	25	192	120	129	98	84	104	49	122	62	111	157	83	103	109	140	147	0	128	128	128	0	110	90	50	0	127	135	93	0	127	135	93	0	128	128	128	0	128	128	128	0	128	128	128	0	128	128	128	0	0	0	0	 30ed 30ac 30fc 30f3 306e 5f1f 5b50
0x00001799	0x00004438	0x0000647E	147	137	149	107	122	108	144	132	150	138	124	119	139	91	154	129	128	124	124	126	100	140	115	176	126	153	110	138	106	116	111	140	139	120	108	153	82	176	85	122	139	129	115	138	116	169	139	146	172	90	130	114	193	161	127	197	125	198	88	94	140	62	85	105	46	124	81	109	171	67	140	103	151	172	70	194	162	145	193	117	149	120	135	25	192	120	129	98	84	104	49	122	62	111	157	83	103	109	140	147	0	128	128	128	0	110	90	50	0	127	135	93	0	127	135	93	0	128	128	128	0	128	128	128	0	128	128	128	0	128	128	128	0	0	0	0	 30ed 30ac 30fc 30f3 306e 5f1f 5b50 ff08 4ea1 8005 ff09
0x000017A2	0x000044C0	0x00006496	138	121	137	127	112	186	144	92	157	110	137	189	98	103	126	84	115	169	104	132	104	133	143	116	121	125	201	73	96	59	57	101	80	119	0	76	135	167	54	180	153	66	187	158	184	104	145	77	192	18	160	129	151	179	76	189	80	174	129	95	70	112	49	107	92	42	76	99	195	51	132	103	132	134	52	159	135	121	199	69	121	123	190	201	196	163	119	192	144	155	84	128	62	60	87	97	231	57	89	189	0	128	128	128	0	255	225	180	0	255	255	255	0	255	255	255	0	128	128	128	0	128	128	128	0	128	128	128	0	128	128	128	0	0	0	0	 4ea1 56fd 306e 738b 5973
0x000017AC	0x00004548	0x000064A2	139	109	124	130	140	165	147	73	148	138	140	169	92	94	149	82	120	153	97	141	107	129	141	158	107	140	164	99	146	82	58	107	42	120	27	109	121	147	75	169	138	129	167	145	167	122	170	90	182	2	136	149	163	159	84	158	98	151	113	95	125	143	98	106	91	66	45	108	161	74	156	97	112	155	62	161	128	109	180	108	130	147	167	151	203	168	136	205	79	136	100	138	107	79	99	93	219	85	90	99	0	128	128	128	0	255	245	225	0	127	165	178	0	127	165	178	0	128	128	128	0	128	128	128	0	128	128	128	0	128	128	128	0	0	0	0	 7070 8272 306e 8056 5973
0x000017B6	0x000045D0	0x000064AE	139	109	123	130	143	165	148	72	145	140	137	175	91	95	145	91	112	160	99	149	112	130	142	157	110	128	171	110	134	84	58	109	37	117	20	88	124	147	75	171	142	122	171	147	169	125	171	84	177	0	150	129	160	157	75	164	93	149	118	108	131	145	95	112	95	69	37	109	155	72	151	99	112	154	68	163	129	113	175	106	129	145	178	152	195	162	140	195	86	140	113	144	113	87	95	104	211	77	78	103	0	128	128	128	0	250	210	130	0	235	255	255	0	235	255	255	0	128	128	128	0	128	128	128	0	128	128	128	0	128	128	128	0	0	0	0	 767d 306e 8056 5973
0x000017B7	0x00004658	0x000064B8	139	109	123	130	143	165	148	72	145	140	137	175	91	95	145	91	112	160	99	149	112	130	142	157	110	128	171	110	134	84	58	109	37	117	20	88	124	147	75	171	142	122	171	147	169	125	171	84	177	0	150	129	160	157	75	164	93	149	118	108	131	145	95	112	95	69	37	109	155	72	151	99	112	154	68	163	129	113	175	106	129	145	178	152	195	162	140	195	86	140	113	144	113	87	95	104	211	77	78	103	0	128	128	128	0	250	210	130	0	235	255	255	0	235	255	255	0	128	128	128	0	128	128	128	0	128	128	128	0	128	128	128	0	0	0	0	 767d 306e 8056 5973 ff08 4ea1 8005 ff09
0x000017C0	0x000046E0	0x000064CA	105	167	124	104	141	97	101	155	119	117	146	137	120	107	127	144	86	108	173	154	116	177	132	136	186	110	123	115	123	77	91	127	107	135	80	53	102	161	96	127	126	112	142	125	126	148	122	168	140	108	116	137	190	205	91	191	181	199	143	78	83	146	46	29	60	183	94	86	109	91	186	55	223	93	145	57	114	199	151	131	193	98	73	49	171	159	167	110	103	176	112	73	0	3	185	39	150	97	208	138	0	128	128	128	0	250	210	105	0	172	210	255	0	172	210	255	0	128	128	128	0	128	128	128	0	128	128	128	0	128	128	128	0	0	0	0	 8056 5973 306e 9a0e 58eb 0041
0x000017CA	0x00004768	0x000064D8	142	113	123	124	135	145	132	100	131	172	152	162	107	73	134	84	158	144	130	144	132	105	113	154	128	127	171	87	162	97	51	138	83	103	0	135	99	164	84	176	179	90	151	121	131	100	148	85	186	4	146	138	140	178	97	154	97	188	99	65	144	153	65	135	105	50	134	81	183	58	167	51	92	107	0	129	139	105	103	18	220	90	187	177	197	136	126	163	112	149	140	149	35	75	71	113	149	69	47	182	0	128	128	128	0	255	205	95	0	52	170	255	0	52	170	255	0	128	128	128	0	128	128	128	0	128	128	128	0	128	128	128	0	0	0	0	 8056 5973 306e 9a0e 58eb 0042
0x000017CB	0x000047F0	0x000064E6	142	113	123	124	135	145	132	100	131	172	152	162	107	73	134	84	158	144	130	144	132	105	113	154	128	127	171	87	162	97	51	138	83	103	0	135	99	164	84	176	179	90	151	121	131	100	148	85	186	4	146	138	140	178	97	154	97	188	99	65	144	153	65	135	105	50	134	81	183	58	167	51	92	107	0	129	139	105	103	18	220	90	187	177	197	136	126	163	112	149	140	149	35	75	71	113	149	69	47	182	0	128	128	128	0	255	205	95	0	52	170	255	0	52	170	255	0	128	128	128	0	128	128	128	0	128	128	128	0	128	128	128	0	0	0	0	 8056 5973 306e 9a0e 58eb 0042 0020 ff08 4ea1 8005 ff09
0x000017D4	0x00004878	0x000064FE	123	149	134	114	115	94	120	141	130	116	111	102	130	82	155	120	105	124	133	141	104	93	181	199	126	165	170	172	106	117	106	139	152	95	77	173	118	126	98	141	154	111	141	95	82	118	112	184	134	157	128	118	209	236	62	175	161	189	189	100	51	30	83	2	69	180	63	126	89	69	190	114	151	99	172	111	194	207	135	102	165	133	169	86	174	176	179	115	55	228	62	92	163	92	240	115	214	13	142	192	0	128	128	128	0	250	210	130	0	32	165	248	0	32	165	248	0	128	128	128	0	128	128	128	0	128	128	128	0	128	128	128	0	0	0	0	 8056 5973 306e 9a0e 58eb 0043
0x000017D5	0x00004900	0x0000650C	123	149	134	114	115	94	120	141	130	116	111	102	130	82	155	120	105	124	133	141	104	93	181	199	126	165	170	172	106	117	106	139	152	95	77	173	118	126	98	141	154	111	141	95	82	118	112	184	134	157	128	118	209	236	62	175	161	189	189	100	51	30	83	2	69	180	63	126	89	69	190	114	151	99	172	111	194	207	135	102	165	133	169	86	174	176	179	115	55	228	62	92	163	92	240	115	214	13	142	192	0	128	128	128	0	250	210	130	0	32	165	248	0	32	165	248	0	128	128	128	0	128	128	128	0	128	128	128	0	128	128	128	0	0	0	0	 8056 5973 306e 9a0e 58eb 0043 0020 ff08 4ea1 8005 ff09
0x000017F2	0x00004988	0x00006524	126	153	155	117	133	79	111	177	129	148	116	122	163	82	168	113	140	120	113	168	109	136	195	182	115	218	155	179	112	90	111	135	178	164	100	181	104	166	49	168	175	153	44	150	32	82	121	195	182	161	80	234	113	237	68	86	145	154	51	186	171	255	124	145	189	141	61	77	46	140	144	86	193	172	159	115	154	83	136	159	100	78	134	236	245	83	79	214	100	24	215	90	91	39	41	139	16	243	121	88	0	128	128	128	0	210	165	100	0	22	165	178	0	22	165	178	0	128	128	128	0	128	128	128	0	128	128	128	0	128	128	128	0	0	0	0	 58fa 306e 546a 8853 5e2b
0x000017F3	0x00004A10	0x00006530	126	153	155	117	133	79	111	177	129	148	116	122	163	82	168	113	140	120	113	168	109	136	195	182	115	218	155	179	112	90	111	135	178	164	100	181	104	166	49	168	175	153	44	150	32	82	121	195	182	161	80	234	113	237	68	86	145	154	51	186	171	255	124	145	189	141	61	77	46	140	144	86	193	172	159	115	154	83	136	159	100	78	134	236	245	83	79	214	100	24	215	90	91	39	41	139	16	243	121	88	0	128	128	128	0	210	165	100	0	22	165	178	0	22	165	178	0	128	128	128	0	128	128	128	0	128	128	128	0	128	128	128	0	0	0	0	 58fa 306e 546a 8853 5e2b ff08 4ea1 8005 ff09
0x0000181A	0x00004A98	0x00006544	132	122	128	122	137	154	144	108	149	159	161	167	125	71	127	74	149	146	110	137	127	118	102	142	98	129	176	104	136	85	71	132	86	86	31	126	119	165	113	172	156	89	161	127	138	110	133	99	167	23	142	149	164	170	104	204	112	187	114	66	82	117	57	114	72	74	114	95	177	68	164	98	103	122	48	110	143	117	157	84	170	106	140	140	223	209	105	142	64	129	98	145	16	44	65	133	129	35	122	90	0	128	128	128	0	50	30	35	0	255	90	0	0	255	90	0	0	128	128	128	0	128	128	128	0	128	128	128	0	128	128	128	0	0	0	0	 3055 307e 3088 3046 6df7 6c8c
0x00001824	0x00004B20	0x00006552	132	157	127	101	180	68	103	138	208	116	174	122	157	131	160	58	162	105	66	143	102	109	139	121	103	158	154	108	67	67	148	119	113	157	84	159	126	212	114	134	171	169	77	226	64	68	108	128	121	103	111	197	113	151	137	140	150	134	49	102	0	152	144	159	19	152	130	164	219	83	114	66	147	114	165	163	164	79	136	140	134	95	46	240	100	218	38	80	47	10	127	45	19	23	54	80	113	153	255	70	0	128	128	128	0	255	255	255	0	127	165	178	0	127	165	178	0	128	128	128	0	128	128	128	0	128	128	128	0	128	128	128	0	0	0	0	 7652 3057 624b
0x0000184C	0x00004BA8	0x0000655A	137	137	131	110	148	138	152	102	121	159	170	155	122	69	139	69	175	123	115	135	132	116	93	121	118	160	152	88	143	97	79	134	69	83	30	128	130	170	102	170	141	92	138	133	153	109	149	62	146	9	134	119	141	180	91	196	123	180	122	79	94	117	47	106	84	58	78	101	175	57	142	100	140	140	27	132	141	123	217	60	138	124	193	141	196	155	120	143	160	142	98	141	54	44	88	92	204	69	113	188	0	128	128	128	0	70	45	25	0	182	65	38	0	182	65	38	0	128	128	128	0	128	128	128	0	128	128	128	0	128	128	128	0	0	0	0	 935b 51b6 5c4b 30ea 30c3 30b1 30eb 30c8
0x0000186A	0x00004C30	0x0000656C	117	153	142	103	111	107	99	130	142	139	137	137	137	95	156	106	174	88	156	105	125	146	169	148	121	153	93	123	206	121	114	158	92	140	36	157	124	191	108	151	109	151	116	103	135	139	137	139	154	96	86	210	136	231	68	160	161	137	116	137	77	255	101	96	171	147	176	112	160	157	187	136	145	128	128	146	71	120	142	145	65	135	121	152	85	144	123	97	119	98	137	132	120	173	110	145	120	70	133	103	0	128	128	128	0	110	90	50	0	252	100	78	0	252	100	78	0	128	128	128	0	128	128	128	0	128	128	128	0	128	128	128	0	0	0	0	 5fc3 6298 308c 305f 5546 4eba
0x00001874	0x00004CB8	0x0000657A	133	159	132	87	203	65	93	137	139	159	179	83	111	122	146	134	106	135	168	211	106	139	125	154	192	166	150	128	96	52	48	163	93	158	58	110	163	192	121	165	163	121	90	221	85	96	144	162	153	36	133	130	126	53	205	121	151	167	43	141	138	53	121	47	85	110	163	115	24	43	6	130	119	74	175	113	114	173	80	212	60	54	73	153	214	141	74	131	44	77	147	11	92	40	57	77	100	177	160	1	0	128	128	128	0	245	235	185	0	127	165	178	0	127	165	178	0	128	128	128	0	128	128	128	0	128	128	128	0	128	128	128	0	0	0	0	 30c8 30ea 30c3 30af 30b9 30bf 30fc
0x0000187E	0x00004D40	0x0000658A	132	161	144	92	122	103	109	152	122	153	152	132	119	106	143	91	201	123	118	142	132	171	162	120	120	158	131	166	192	96	76	116	109	153	33	144	138	148	108	135	135	120	140	113	140	104	152	138	145	122	97	183	134	190	94	219	148	179	76	170	51	232	77	73	142	111	198	118	92	174	146	84	148	168	122	201	48	85	198	148	88	197	126	207	122	135	132	166	148	60	132	144	85	179	109	125	151	70	133	179	0	128	128	128	0	80	65	30	0	50	85	210	0	50	85	210	0	128	128	128	0	128	128	128	0	128	128	128	0	128	128	128	0	0	0	0	 5fc3 6298 308c 305f 6226 58eb
0x0000187F	0x00004DC8	0x00006598	132	161	144	92	122	103	109	152	122	153	152	132	119	106	143	91	201	123	118	142	132	171	162	120	120	158	131	166	192	96	76	116	109	153	33	144	138	148	108	135	135	120	140	113	140	104	152	138	145	122	97	183	134	190	94	219	148	179	76	170	51	232	77	73	142	111	198	118	92	174	146	84	148	168	122	201	48	85	198	148	88	197	126	207	122	135	132	166	148	60	132	144	85	179	109	125	151	70	133	179	0	128	128	128	0	80	65	30	0	127	165	178	0	127	165	178	0	128	128	128	0	128	128	128	0	128	128	128	0	128	128	128	0	0	0	0	 5fc3 6298 308c 305f 6226 58eb ff08 4ea1 8005 ff09
0x00001888	0x00004E50	0x000065AE	100	149	146	112	114	98	74	136	136	125	138	98	158	153	132	145	105	128	126	154	100	146	168	145	120	138	121	111	169	58	131	110	102	177	129	148	105	168	0	142	100	98	77	33	149	105	79	159	129	146	104	186	115	225	77	117	110	176	113	159	59	153	96	124	175	166	13	122	63	197	117	10	108	197	150	135	93	61	167	223	108	104	104	123	105	125	157	96	55	13	233	91	26	153	114	170	41	202	162	98	0	128	128	128	0	90	45	0	0	255	105	78	0	255	105	78	0	128	128	128	0	128	128	128	0	128	128	128	0	128	128	128	0	0	0	0	 305f 307e 306d 304e 9a0e 58eb
0x00001892	0x00004ED8	0x000065BC	129	122	127	124	140	155	143	100	144	151	174	162	127	94	142	63	158	140	105	130	131	105	89	101	120	131	162	99	153	100	64	85	84	115	28	122	134	150	114	160	176	89	149	132	132	87	125	80	159	34	139	114	167	168	87	239	122	174	119	112	85	100	54	133	81	66	72	81	177	76	161	103	77	102	74	102	130	145	128	82	172	87	167	220	202	200	113	122	93	152	116	156	6	69	54	147	92	31	90	131	0	128	128	128	0	255	190	95	0	255	165	68	0	255	165	68	0	128	128	128	0	128	128	128	0	128	128	128	0	128	128	128	0	0	0	0	 305f 307e 306d 304e 9a0e 58eb 306e 5a18
0x0000189C	0x00004F60	0x000065CE	139	155	155	128	160	93	117	156	138	78	135	77	135	99	166	67	128	106	91	116	42	127	54	153	152	168	120	148	203	103	106	107	152	144	110	141	131	185	118	75	94	136	100	173	98	89	126	141	131	120	175	95	149	182	117	144	132	172	86	88	157	48	83	112	38	144	99	141	156	37	138	60	158	154	45	180	185	116	175	96	193	61	127	123	173	125	134	118	94	111	86	123	24	96	171	60	91	119	188	136	0	128	128	128	0	255	240	220	0	255	255	0	0	255	255	0	0	128	128	128	0	128	128	128	0	128	128	128	0	128	128	128	0	0	0	0	 62b1 304b 308c 9a0e 58eb 30ed 30fc 30c8 30ec 30af
0x000018A6	0x00004FE8	0x000065E4	123	146	135	112	141	131	129	129	144	167	176	147	121	66	127	72	173	94	110	139	103	106	132	99	86	151	140	56	144	106	89	140	74	70	38	177	80	154	76	155	173	98	104	122	112	101	118	112	137	81	111	153	168	232	53	136	124	139	89	117	149	177	82	106	66	121	82	145	173	95	169	28	64	180	19	78	120	77	176	74	117	86	228	255	142	213	110	87	107	100	213	121	74	98	12	135	150	88	186	113	0	128	128	128	0	110	90	50	0	127	165	178	0	127	165	178	0	128	128	128	0	128	128	128	0	128	128	128	0	128	128	128	0	0	0	0	 91ce 6b66 58eb
0x000018B0	0x00005070	0x000065EC	141	132	157	148	178	96	96	141	134	75	119	86	115	92	172	52	103	110	82	141	28	159	71	199	149	186	139	160	180	91	83	147	153	123	84	132	109	201	93	67	86	133	108	195	103	97	129	158	137	105	158	102	159	152	109	146	102	169	85	89	156	56	84	111	34	138	93	130	159	37	144	55	158	150	49	184	188	117	168	93	198	69	125	119	176	123	134	116	94	105	94	123	28	97	172	63	94	118	190	135	0	128	128	128	0	110	90	50	0	127	105	13	0	127	105	13	0	128	128	128	0	128	128	128	0	128	128	128	0	128	128	128	0	0	0	0	 5893 5730 306e 5351 602f 8005 30d1 30c3 30c1
0x000018E2	0x000050F8	0x00006600	159	128	113	148	137	143	126	119	142	149	181	185	121	52	153	27	174	108	109	129	67	148	66	70	143	191	118	96	185	87	85	164	89	75	0	120	106	186	114	139	86	96	173	129	175	114	130	116	255	36	157	130	199	152	175	132	171	153	12	43	150	46	42	24	9	48	188	49	182	22	201	9	121	139	2	145	152	97	172	5	167	86	125	81	215	231	62	100	23	141	8	84	13	21	126	62	125	9	224	160	0	128	128	128	0	255	255	235	0	255	255	255	0	255	255	255	0	128	128	128	0	128	128	128	0	128	128	128	0	128	128	128	0	0	0	0	 30c9 30e9 30b4 30f3 306e 795e 5b98
0x000018F6	0x00005180	0x00006610	113	159	131	119	129	85	106	151	119	125	122	113	131	77	176	106	107	105	137	137	98	93	173	203	122	161	172	163	118	116	126	144	150	103	93	166	122	140	101	146	136	117	141	87	77	119	109	182	132	161	139	100	216	218	73	171	176	188	194	95	42	43	74	6	61	199	59	119	94	59	206	97	158	99	180	110	197	203	136	113	164	133	162	81	173	166	171	124	62	227	65	87	162	94	234	117	219	18	140	188	0	128	128	128	0	110	90	50	0	127	165	178	0	127	165	178	0	128	128	128	0	128	128	128	0	128	128	128	0	128	128	128	0	0	0	0	 9ed2 9a0e 58eb 30bf 30eb 30ab 30b9
0x00001900	0x00005208	0x00006620	159	128	113	148	137	143	126	119	142	149	181	185	121	52	153	27	174	108	109	129	67	148	66	70	143	191	118	96	185	87	85	164	89	75	0	120	106	186	114	139	86	96	173	129	175	114	130	116	255	36	157	130	199	152	175	132	171	153	12	43	150	46	42	24	9	48	188	49	182	22	201	9	121	139	2	145	152	97	172	5	167	86	125	81	215	231	62	100	23	141	8	84	13	21	126	62	125	9	224	160	0	128	128	128	0	255	255	235	0	127	165	178	0	127	165	178	0	128	128	128	0	128	128	128	0	128	128	128	0	128	128	128	0	0	0	0	 30d9 30eb 30ab 9a0e 58eb
0x0000190A	0x00005290	0x0000662C	125	117	122	107	159	155	134	92	147	179	175	172	132	88	102	77	147	145	96	130	135	116	75	122	111	131	172	98	179	62	66	109	37	98	57	145	137	160	106	181	128	98	103	117	155	75	134	68	158	0	151	122	160	152	81	193	104	157	92	91	87	103	82	129	105	105	103	81	214	98	149	103	135	123	97	136	126	136	166	52	140	104	190	168	198	158	116	113	123	144	102	149	54	52	83	110	155	30	105	147	0	128	128	128	0	255	190	130	0	255	95	0	0	255	95	0	0	128	128	128	0	128	128	128	0	128	128	128	0	128	128	128	0	0	0	0	 9b54 5973 30de 30ed 30fc 30b9
0x00001914	0x00005318	0x0000663A	129	142	116	96	141	128	152	121	170	157	175	159	114	72	121	89	161	118	108	113	129	93	116	86	126	110	170	83	149	88	89	88	39	69	38	139	134	157	99	182	166	104	110	133	120	68	114	77	97	49	139	111	115	205	60	149	120	158	145	101	85	120	72	111	83	76	75	114	145	70	100	87	111	111	68	115	143	64	163	60	125	109	174	233	77	179	116	133	161	120	132	121	106	48	66	129	221	74	113	172	0	128	128	128	0	70	45	25	0	102	10	0	0	102	10	0	0	128	128	128	0	128	128	128	0	128	128	128	0	128	128	128	0	0	0	0	 5fcd 8005
0x0000195A	0x000053A0	0x00006640	117	140	119	103	113	120	133	134	144	169	143	142	122	125	214	107	177	72	138	140	120	142	137	134	78	130	95	103	146	134	83	79	96	156	64	188	157	143	143	138	149	112	143	129	50	214	116	157	103	176	95	204	126	215	86	180	165	156	88	128	29	255	93	106	124	143	143	117	189	152	199	157	193	118	166	252	64	87	92	112	92	204	85	151	130	143	114	156	113	99	44	174	132	178	127	106	178	31	102	132	0	128	128	128	0	120	100	65	0	157	0	0	0	157	0	0	0	128	128	128	0	128	128	128	0	128	128	128	0	128	128	128	0	0	0	0	 30ed 30fc 30c8 30ec 30af 306e 304a 4f9b ff11
0x00001964	0x00005428	0x00006654	127	168	123	102	190	62	105	151	211	133	165	140	182	110	175	56	168	83	66	137	102	89	133	144	85	159	163	86	95	80	185	135	125	157	120	204	123	212	127	143	159	187	68	221	41	70	103	130	124	122	98	191	103	131	155	134	162	140	79	79	0	118	146	146	8	124	153	157	212	79	104	79	123	91	152	138	156	70	113	127	140	92	37	248	124	227	51	95	59	27	115	47	19	22	53	65	132	158	255	67	0	128	128	128	0	255	220	130	0	255	205	0	0	255	205	0	0	128	128	128	0	128	128	128	0	128	128	128	0	128	128	128	0	0	0	0	 30ed 30fc 30c8 30ec 30af 306e 304a 4f9b ff12
0x00001982	0x000054B0	0x00006668	109	108	115	128	182	155	113	87	127	202	186	188	114	104	123	64	132	132	107	129	127	134	78	157	107	122	169	96	202	60	73	94	33	124	69	139	131	163	103	176	123	96	110	113	144	73	135	56	158	20	102	128	177	117	98	188	117	155	92	76	72	117	77	129	87	122	104	66	223	88	178	80	144	122	102	130	129	134	166	62	143	112	178	163	204	154	105	133	128	137	102	138	55	50	83	103	164	45	115	141	0	128	128	128	0	110	90	50	0	127	165	178	0	127	165	178	0	128	128	128	0	128	128	128	0	128	128	128	0	128	128	128	0	0	0	0	 6cbc 5973 ff08 004e 0050 0043 30de 30eb 30c1 ff09
0x00001996	0x00005538	0x0000667E	123	146	135	112	141	131	129	129	144	167	176	147	121	66	127	72	173	94	110	139	103	106	132	99	86	151	140	56	144	106	89	140	74	70	38	177	80	154	76	155	173	98	104	122	112	101	118	112	137	81	130	132	158	235	42	143	118	133	100	131	166	161	65	111	103	134	72	157	192	83	171	23	73	180	32	100	126	89	188	87	103	76	223	253	128	193	107	82	114	106	204	123	74	98	13	148	162	92	182	107	0	128	128	128	0	250	210	105	0	127	165	178	0	127	165	178	0	128	128	128	0	128	128	128	0	128	128	128	0	128	128	128	0	0	0	0	 795e 6bbf 9a0e 58eb ff08 004e 0050 0043 30de 30eb 30c1 ff09
0x000019A0	0x000055C0	0x00006698	159	143	117	142	133	130	126	129	133	141	182	187	124	36	148	33	161	105	117	131	64	120	63	71	142	202	111	98	192	90	88	156	81	68	0	114	93	190	106	138	82	92	168	109	179	114	131	117	252	37	137	122	194	166	181	130	191	155	13	41	149	44	40	25	9	54	191	54	180	20	199	9	121	141	1	142	151	95	175	8	164	81	125	83	213	230	61	102	24	144	5	84	11	21	124	61	123	9	222	160	0	128	128	128	0	255	255	235	0	127	165	178	0	127	165	178	0	128	128	128	0	128	128	128	0	128	128	128	0	128	128	128	0	0	0	0	 30c8 30b2 9a0e 58eb ff08 004e 0050 0043 30de 30eb 30c1 ff09
0x000019AA	0x00005648	0x000066B2	129	160	131	97	196	60	102	146	153	186	151	89	155	94	165	143	117	97	143	204	89	115	93	179	153	168	148	126	116	59	86	182	114	132	104	191	153	164	150	159	156	140	76	215	50	95	138	167	157	68	143	129	127	53	206	121	152	168	44	141	138	55	121	48	85	111	163	115	24	43	7	130	120	75	176	113	115	173	80	213	61	55	73	153	215	141	74	132	45	77	148	11	92	41	57	78	101	178	160	1	0	128	128	128	0	250	250	205	0	127	165	178	0	127	165	178	0	128	128	128	0	128	128	128	0	128	128	128	0	128	128	128	0	0	0	0	 9ec4 8863 ff08 004e 0050 0043 30de 30eb 30c1 ff09
0x000019B4	0x000056D0	0x000066C8	115	155	131	96	176	75	105	145	148	178	130	71	156	102	164	144	125	93	137	196	93	127	78	171	166	168	137	141	151	78	78	155	119	141	122	206	153	156	129	154	146	156	61	192	48	85	138	156	143	90	116	127	116	85	209	118	169	174	46	138	143	37	120	54	99	100	179	128	11	56	10	165	109	101	176	125	138	160	92	182	48	76	106	153	227	154	61	89	11	83	109	17	154	50	54	102	115	121	129	33	0	128	128	128	0	250	250	205	0	127	165	178	0	127	165	178	0	128	128	128	0	128	128	128	0	128	128	128	0	128	128	128	0	0	0	0	 57ce 4e0b 5854 306e 004e 0050 0043 ff08 30cf 30d9 30eb ff09
0x000019C8	0x00005758	0x000066E2	145	137	125	105	132	133	136	117	123	162	151	160	108	54	131	90	161	141	136	146	129	102	112	152	132	128	169	86	163	94	52	132	81	102	0	139	100	164	83	178	174	89	151	115	129	103	152	87	185	1	131	130	130	210	105	152	129	192	100	64	145	145	64	136	109	57	140	92	180	58	161	56	92	112	0	124	136	104	110	21	215	81	189	181	193	138	126	165	112	155	132	149	31	74	70	110	145	70	45	183	0	128	128	128	0	255	205	95	0	127	165	178	0	127	165	178	0	128	128	128	0	128	128	128	0	128	128	128	0	128	128	128	0	0	0	0	 738b 57ce 0031 5854 306e 004e 0050 0043 ff08 30ea 30ab 30fc 30eb ff09
0x000019D2	0x000057E0	0x00006700	138	154	145	104	137	103	132	149	127	142	127	111	122	95	150	128	126	129	136	131	135	149	100	181	147	148	111	143	135	120	114	96	144	159	106	135	74	204	80	125	144	103	113	140	109	148	152	126	176	87	112	203	74	151	141	118	171	195	75	107	88	207	137	180	203	171	161	113	111	188	85	89	195	187	130	179	133	137	183	136	171	130	161	152	116	113	108	93	92	57	164	93	96	93	118	158	116	127	86	151	0	128	128	128	0	110	90	50	0	127	165	178	0	127	165	178	0	128	128	128	0	128	128	128	0	128	128	128	0	128	128	128	0	0	0	0	 7d50 6676 9a0e 58eb
0x00001A91	0x00005868	0x0000670A	128	137	132	117	110	138	124	111	153	123	139	126	107	77	164	101	112	115	105	101	101	124	101	162	109	160	127	110	185	78	80	124	88	56	27	69	106	185	27	147	111	89	156	111	155	99	127	109	171	43	111	165	128	151	134	157	165	166	56	103	78	144	113	134	100	132	76	125	142	92	121	60	128	174	62	138	114	136	193	136	150	111	189	189	170	170	120	88	94	104	161	121	43	81	88	103	144	130	169	104	0	128	128	128	0	160	130	80	0	255	165	178	0	255	165	178	0	128	128	128	0	128	128	128	0	128	128	128	0	128	128	128	0	0	0	0	 5c71 8cca 0041 3000 9580 756a
0x00001A92	0x000058F0	0x00006718	130	118	129	121	133	156	143	106	145	155	160	160	120	73	130	73	153	140	112	136	136	119	94	142	102	128	171	114	140	82	73	129	77	86	36	137	128	171	108	179	149	84	149	123	146	105	135	83	157	11	149	114	144	149	96	192	99	172	110	83	74	123	70	123	95	58	71	105	169	82	140	94	121	164	68	143	114	141	221	105	125	130	179	77	191	157	131	114	100	133	89	129	49	73	93	88	213	61	83	151	0	128	128	128	0	250	210	130	0	127	255	178	0	127	255	178	0	128	128	128	0	128	128	128	0	128	128	128	0	128	128	128	0	0	0	0	 5c71 8cca 0042 3000 6226 58eb
0x00001A93	0x00005978	0x00006726	131	114	129	126	142	158	145	93	156	165	152	184	130	83	105	79	148	149	106	148	133	124	109	138	104	145	180	58	138	90	67	118	87	89	44	125	114	145	80	183	160	78	148	133	146	86	129	91	156	31	141	149	133	142	93	174	106	177	133	90	64	88	88	143	78	86	116	97	157	99	116	97	79	106	104	95	142	67	105	77	151	113	156	249	124	231	108	128	79	120	111	132	87	83	58	182	158	37	90	92	0	128	128	128	0	200	160	105	0	255	165	0	0	255	165	0	0	128	128	128	0	128	128	128	0	128	128	128	0	128	128	128	0	0	0	0	 5c71 8cca 0043 3000 5f13 4f7f 3044
0x00001A94	0x00005A00	0x00006736	141	153	146	102	133	105	136	148	131	140	125	108	123	95	148	131	127	132	136	131	135	148	100	180	148	150	111	145	135	121	111	97	144	156	105	138	76	203	81	125	146	103	112	142	110	150	153	126	176	86	109	202	74	154	143	118	175	196	76	107	88	207	137	181	204	173	162	114	111	188	85	90	196	188	130	179	133	137	184	137	171	130	162	153	116	113	108	94	93	58	164	94	96	94	118	158	116	128	86	152	0	128	128	128	0	110	90	50	0	57	150	253	0	57	150	253	0	128	128	128	0	128	128	128	0	128	128	128	0	128	128	128	0	0	0	0	 5c71 8cca 0044 3000 9b54 6cd5 ff08 653b 6483 ff09
0x00001A95	0x00005A88	0x0000674C	124	118	126	118	129	151	133	89	142	147	138	145	101	90	140	103	124	156	124	145	132	123	116	171	155	156	169	85	205	95	49	112	73	124	39	114	104	177	67	163	116	104	165	102	167	95	146	114	167	15	144	114	151	193	81	171	91	144	130	115	97	127	51	109	133	37	56	104	136	61	181	97	84	153	57	163	158	102	198	98	134	122	148	217	185	133	119	165	99	154	61	147	65	80	83	119	209	55	83	176	0	128	128	128	0	130	70	40	0	255	165	103	0	255	165	103	0	128	128	128	0	128	128	128	0	128	128	128	0	128	128	128	0	0	0	0	 5c71 8cca 0045 3000 9b54 6cd5 ff08 56de 5fa9 ff09
0x00001A96	0x00005B10	0x00006762	132	149	136	107	134	129	132	134	146	164	147	109	119	155	141	128	167	113	125	153	122	190	118	80	197	146	89	111	137	130	101	129	126	132	72	108	171	173	95	119	113	117	129	154	145	127	104	127	123	133	130	166	178	232	59	154	158	171	162	113	91	146	91	20	89	164	119	112	63	113	147	112	175	89	183	31	149	166	142	112	162	113	117	162	177	184	148	137	72	166	137	59	135	0	160	108	177	75	175	122	0	128	128	128	0	110	90	50	0	67	35	13	0	67	35	13	0	128	128	128	0	128	128	128	0	128	128	128	0	128	128	128	0	0	0	0	 5c71 8cca 0046 3000 96a0 5bc6
