infoStartAddr:	0x3058
numEntries:	0xAB	171
title:	OBJ_ACT_PARAM_ST
paramStartAddr:	0x00001048
entryID   	paramAddr 	infoAddr  	actionEnableMsgId	actionFailedMsgId	spQualifiedPassEventFlag	playerAnimId	chrAnimId	validDist	spQualifiedId	spQualifiedId2	objDummyId	pad0[1]	objAnimId	validPlayerAngle	spQualifiedType	spQualifiedType2	validObjAngle	chrSorbType	eventKickTiming	pad1[2]	actionButtonParamId	actionSuccessMsgId
0x00000000	0x00001048	0x00003058	10010500	-1	-1	101150	7100	150	0	0	191		1	60	0	0	30	0	0		-1	-1	 5fc5 8981
0x00000001	0x00001078	0x0000305E	0	-1	-1	101100	7110	0	0	0	100		0	0	0	0	0	0	1		7000	-1	 6c4e 7528 6249 30b5 30f3 30d7 30eb
0x00000014	0x000010A8	0x0000306E	0	-1	-1	101111	7120	0	0	0	120		1	0	0	0	0	0	1		7000	-1	 4e21 958b 304d 5927 6249 30b5 30f3 30d7 30eb
0x0000001E	0x000010D8	0x00003082	0	-1	-1	101114	7110	0	0	0	120		1	0	0	0	0	0	1		7030	-1	 4e21 958b 304d 5c0f 6249 30b5 30f3 30d7 30eb 005f 5f15 3044 3066 958b 3051 308b
0x0000001F	0x00001108	0x000030A4	0	-1	-1	101113	7110	0	0	0	121		1	0	0	0	0	0	1		7031	-1	 4e21 958b 304d 5c0f 6249 30b5 30f3 30d7 30eb 005f 62bc 3057 3066 958b 3051 308b
0x00000064	0x00001138	0x000030C6	0	-1	-1	101150	7100	0	0	0	191		1	0	0	0	0	0	0		7100	-1	 6c4e 7528 30ec 30d0 30fc 30b5 30f3 30d7 30eb
0x0000006E	0x00001168	0x000030DA	10010420	-1	-1	101141	7521	75	0	0	191		0	60	0	0	60	0	1		-1	-1	 5b9d 7bb1
0x00000140	0x00001198	0x000030E0	0	-1	-1	101150	7100	0	0	0	191		1	0	0	0	0	0	0		7100	-1	 006d 0032 0034 005f 0030 0030 005f 30ec 30d0 30fc 005f 5b64 5150 9662 005f 5916
0x000001D6	0x000011C8	0x00003102	0	-1	-1	101112	7120	0	0	0	120		1	0	0	0	0	0	1		7000	-1	 006d 0032 0034 005f 0030 0030 005f 6249 005f 8056 5802
0x000001D7	0x000011F8	0x0000311A	0	-1	-1	101110	7120	0	0	0	120		1	0	0	0	0	0	1		7000	-1	 006d 0032 0034 005f 0030 0030 005f 6249 005f 5b64 5150 9662 0032 0046
0x000001D8	0x00001228	0x00003138	0	-1	-1	101110	7120	0	0	0	120		1	0	0	0	0	0	1		7000	-1	 006d 0032 0034 005f 0030 0030 005f 6249 005f 5b64 5150 9662 0031 0046
0x000001EA	0x00001258	0x00003156	0	10010163	12400260	101110	7120	0	2006	0	120		1	0	1	0	0	0	1		7000	-1	 006d 0032 0034 005f 0030 0030 005f 6249 005f 8056 5802 5927 9580 9375 4ed8 304d
0x000003F2	0x00001288	0x00003178	10010400	-1	-1	101100	7110	70	0	0	100		0	60	0	0	30	0	1		-1	-1	 0074 0065 0073 0074 005f 6249 30c6 30b9 30c8
0x000003F3	0x000012B8	0x0000318C	10010400	10010163	-1	101100	7110	70	2001	0	100		0	60	1	0	30	0	1		-1	-1	 0074 0065 0073 0074 005f 6249 30c6 30b9 30c8
0x000003F4	0x000012E8	0x000031A0	10010400	10010163	-1	101100	7110	70	2018	0	100		0	60	2	0	30	0	1		-1	-1	 0074 0065 0073 0074 005f 6249 30c6 30b9 30c8
0x000004B0	0x00001318	0x000031B4	10010501	-1	-1	101150	7100	90	0	0	191		1	45	0	0	45	0	0		-1	-1	 006d 0031 0030 005f 0030 0031 005f 6559 4f1a 9580 30ec 30d0 30fc
0x000004B2	0x00001348	0x000031D0	10010501	-1	-1	101150	7100	90	0	0	191		0	45	0	0	45	0	0		-1	-1	 006d 0031 0030 005f 0030 0031 005f 6559 4f1a 9418 30ec 30d0 30fc
0x00000519	0x00001378	0x000031EC	10010400	10010163	11010191	101100	7110	60	2019	2100	100		0	60	1	1	60	0	1		-1	-1	 006d 0031 0030 005f 0030 0031 005f 30cf 30f3 30de 30fc 5854 6249 ff08 4e0a ff09
0x0000051A	0x000013A8	0x0000320E	10010400	10010163	11010171	101100	7110	60	2014	0	100		1	60	1	0	60	0	1		-1	-1	 006d 0031 0030 005f 0030 0031 005f 6c4e 7528 6249 005f 0030 0030 ff08 57ce 4e0b 0032 63a5 7d9a ff09
0x0000051C	0x000013D8	0x00003238	10010400	10010163	11010190	101100	7110	60	2017	2100	100		1	60	1	1	60	0	1		-1	-1	 006d 0031 0030 005f 0030 0031 005f 6c4e 7528 6249 005f 0030 0030 ff08 6559 4f1a 7262 ff09
0x0000051E	0x00001408	0x0000325E	10010400	10010163	11010140	101100	7110	60	2021	2100	100		0	60	1	1	60	0	1		-1	-1	 006d 0031 0030 005f 0030 0031 005f 6c4e 7528 6249 005f 0030 0030 ff08 9375 6c11 5bb6 ff09
0x0000051F	0x00001438	0x00003284	10010400	-1	-1	101100	7110	60	0	0	100		0	60	0	0	60	0	1		-1	-1	 006d 0031 0030 005f 0030 0031 005f 6c4e 7528 6249 005f 0030 0031
0x00000520	0x00001468	0x000032A0	10010400	-1	-1	101100	7110	60	0	0	100		0	60	0	0	60	0	1		-1	-1	 006d 0031 0030 005f 0030 0031 005f 6c4e 7528 6249 005f 0030 0032
0x00000521	0x00001498	0x000032BC	10010400	-1	-1	101100	7110	60	0	0	100		0	60	0	0	60	0	1		-1	-1	 006d 0031 0030 005f 0030 0031 005f 6c4e 7528 6249 005f 0030 0033
0x00000522	0x000014C8	0x000032D8	10010400	10010161	11010160	101100	7110	60	4150	0	100		0	60	2	0	60	0	1		-1	-1	 006d 0031 0030 005f 0030 0031 005f 6c4e 7528 6249 005f 0030 0034 ff08 4e0b 5c64 884c ff09
0x00000523	0x000014F8	0x000032FE	10010400	-1	-1	101100	7110	60	0	0	100		0	60	0	0	60	0	1		-1	-1	 006d 0031 0030 005f 0030 0030 005f 6c4e 7528 6249 005f 0030 0035
0x00000525	0x00001528	0x0000331A	10010400	10010163	11010181	101100	7110	60	2021	0	100		0	60	1	0	60	0	1		-1	-1	 006d 0031 0030 005f 0030 0031 005f 6c4e 7528 6249 005f 0030 0037 ff08 76e3 7981 90e8 5c4b ff09
0x00000526	0x00001558	0x00003342	10010400	-1	-1	101100	7110	60	0	0	100		0	60	0	0	60	0	1		-1	-1	 006d 0031 0030 005f 0030 0031 005f 6c4e 7528 6249 005f 0030 0038
0x000005B9	0x00001588	0x0000335E	10010400	10010163	11020120	101100	7110	60	2015	2100	100		0	60	1	1	60	0	1		-1	-1	 006d 0031 0030 005f 0030 0032 005f 30ea 30d5 30c8 90e8 5c4b 306e 6249
0x0000060E	0x000015B8	0x0000337C	10010503	-1	-1	101210	7100	90	0	0	191		1	45	0	0	45	0	0		-1	-1	 ff4d 0031 0031 005f 0030 0030 005f 6c4e 7528 30cf 30f3 30c9 30eb
0x0000062C	0x000015E8	0x00003398	10010400	10010163	11100120	101100	7110	60	2009	0	100		0	60	1	0	60	0	1		-1	-1	 006d 0031 0031 005f 0030 0030 005f 6c4e 7528 6249
0x000007D0	0x00001618	0x000033AE	0	-1	-1	101142	7523	0	0	0	191		0	0	0	0	0	0	1		7200	-1	 6c4e 7528 5b9d 7bb1 ff08 5c0f ff09
0x00000834	0x00001648	0x000033BE	0	-1	-1	101141	7521	0	0	0	191		0	0	0	0	0	0	1		7210	-1	 6c4e 7528 5b9d 7bb1 ff08 4e2d ff09
0x00000898	0x00001678	0x000033CE	0	-1	-1	101143	7524	0	0	0	191		0	0	0	0	0	0	1		7220	-1	 6c4e 7528 5b9d 7bb1 ff08 5927 ff09
0x00000AA0	0x000016A8	0x000033DE	10010400	10010163	11210300	101100	7110	60	2022	0	100		0	60	1	0	60	0	1		-1	-1	 006d 0031 0032 005f 0030 0031 005f 30b4 30fc 3092 5e7d 9589 3057 3066 3044 308b 6249
0x00000B5E	0x000016D8	0x00003402	0	-1	-1	101111	7120	0	0	0	120		1	0	0	0	0	0	1		7000	-1	 006d 0032 0034 005f 0030 0030 005f 6700 521d 306e 6249
0x00000BC3	0x00001708	0x0000341A	10010502	-1	-1	8022	7100	110	0	0	191		1	45	0	0	45	0	1		-1	-1	 006d 0031 0033 005f 0030 0030 005f 5893 5730 30ec 30d0 30fc ff08 62bc 3059 ff09
0x00000BC4	0x00001738	0x0000343C	10010501	-1	-1	8023	7100	90	0	0	192		3	45	0	0	45	0	1		-1	-1	 006d 0031 0033 005f 0030 0030 005f 5893 5730 30ec 30d0 30fc ff08 5f15 304f ff09
0x00000BF4	0x00001768	0x0000345E	10010504	-1	-1	7150	7100	120	0	0	191		0	60	0	0	45	0	0		-1	-1	 006d 0031 0033 005f 0030 0030 005f 68fa 0028 5165 308b 0029
0x00000BF5	0x00001798	0x00003478	10010505	-1	-1	7152	7100	20	0	0	192		0	180	0	0	180	0	1		-1	-1	 006d 0031 0033 005f 0030 0030 005f 68fa ff08 51fa 308b ff09
0x000011D0	0x000017C8	0x00003492	10010501	-1	-1	101150	7100	90	0	0	191		0	45	0	0	45	0	0		-1	-1	 006d 0031 0034 005f 0030 0030 005f 9418 30ec 30d0 30fc
0x000014BE	0x000017F8	0x000034AA	10010400	10010163	11500110	101101	7111	90	2003	2100	120		0	60	1	1	60	0	1		-1	-1	 006d 0031 0035 005f 0030 0030 005f 7c60 7262
0x00001658	0x00001828	0x000034BE	10010400	-1	-1	101100	7110	60	0	0	100		0	60	0	0	60	0	1		-1	-1	 006d 0031 0035 005f 0030 0031 005f 5ba4 5185 6249
0x00001659	0x00001858	0x000034D4	10010400	10010161	-1	101100	7110	60	4150	0	100		0	60	2	0	60	0	1		-1	-1	 006d 0031 0035 005f 0030 0031 005f 5ba4 5185 6249 ff08 5185 9375 ff09
0x000017D4	0x00001888	0x000034F2	10010501	-1	-1	101150	7100	90	0	0	191		0	45	0	0	45	0	0		-1	-1	 006d 0031 0036 005f 0030 0030 005f 6c34 9580 30ec 30d0 30fc
0x000017D5	0x000018B8	0x0000350C	10010501	-1	-1	101150	7100	90	0	0	191		1	45	0	0	45	0	0		-1	-1	 006d 0031 0036 005f 0030 0030 005f 6df1 6df5 306e 6c4e 7528 30ec 30d0 30fc
0x0000177A	0x000018E8	0x0000352C	10010400	10010163	11600120	101100	7110	60	2008	2100	100		0	60	1	1	60	0	1		-1	-1	 006d 0031 0036 005f 0030 0030 005f 5c0f 30ed 30f3 30c9 907a 8de1 306e 6249
0x00001C21	0x00001918	0x0000354C	10010501	-1	-1	101150	7100	90	0	0	191		1	45	0	0	45	0	0		-1	-1	 006d 0031 0037 005f 0030 0030 005f 7d50 6676 5854 306e 6c4e 7528 30ec 30d0 30fc
0x00001C22	0x00001948	0x0000356E	10010501	-1	-1	101150	7100	90	0	0	191		1	45	0	0	45	0	0		-1	-1	 006d 0031 0037 005f 0030 0030 005f 8b66 5831 30ec 30d0 30fc
0x00001CE9	0x00001978	0x00003588	10010400	10010163	11700300	101100	7110	60	2004	0	100		0	60	1	0	60	0	1		-1	-1	 006d 0031 0037 005f 0030 0030 005f 7262 5c4b 306e 6249 0041
0x00002159	0x000019A8	0x000035A2	10010400	10010163	11810106	101100	7110	60	2012	0	100		0	60	1	0	60	0	1		-1	-1	 006d 0031 0038 005f 0030 0031 005f 6c4e 7528 6249 ff08 0032 0046 624b 524d ff09
0x0000215A	0x000019D8	0x000035C4	10010400	10010161	-1	101100	7110	60	4150	0	100		0	60	2	0	60	0	1		-1	-1	 006d 0031 0038 005f 0030 0031 005f 6c4e 7528 6249 ff08 5185 9375 ff09
0x0000215B	0x00001A08	0x000035E2	10010400	10010163	11810104	101100	7110	60	2016	0	100		0	60	1	0	60	0	1		-1	-1	 006d 0031 0038 005f 0030 0031 005f 6c4e 7528 6249 ff08 0032 0046 5965 ff09
0x0000215C	0x00001A38	0x00003602	10010400	10010163	11810100	101100	7110	60	2010	0	100		0	60	1	0	60	0	1		-1	-1	 006d 0031 0038 005f 0030 0031 005f 6c4e 7528 6249
0x0000215D	0x00001A68	0x00003618	10010400	-1	-1	101110	7120	70	0	0	120		1	60	0	0	60	0	1		-1	-1	 006d 0031 0038 005f 0030 0031 005f 6559 4f1a 306e 6249 ff08 5927 ff09
0x00002160	0x00001A98	0x00003636	10010400	10010163	11810110	101110	7120	70	2011	0	120		1	60	1	0	60	0	1		-1	-1	 006d 0031 0038 005f 0030 0031 005f 6559 4f1a 306e 6249 ff08 5c0f ff09
0x00002648	0x00001AC8	0x00003654	0	0	-1	101240	3050	0	0	0	191		0	0	0	0	0	0	1		7100	-1	 5927 7832
0x000026AE	0x00001AF8	0x0000365A	0	-1	-1	101150	7100	0	0	0	191		1	0	0	0	0	0	0		7100	-1	 006d 0032 0030 005f 0030 0030 0020 30a8 30ec 30d9 30fc 30bf 547c 3073 51fa 3057 30ec 30d0 30fc
0x000026C0	0x00001B28	0x00003682	0	10010163	12000110	101120	7110	0	2003	0	100		0	0	1	0	0	0	1		7000	-1	 006d 0032 0030 005f 0030 0030 0020 0042 0032 3078 306e 6249
0x000026C1	0x00001B58	0x0000369C	0	10010163	-1	101121	7110	0	0	0	121		0	0	0	0	0	0	1		7010	-1	 006d 0032 0030 005f 0030 0030 0020 6249 6301 3061 4e0a 3052
0x000026C2	0x00001B88	0x000036B6	0	10010163	12000112	101120	7110	0	2004	0	100		0	0	1	0	0	0	1		7000	-1	 006d 0032 0030 005f 0030 0030 0020 0042 0034 3078 306e 6249
0x000026C3	0x00001BB8	0x000036D0	0	-1	-1	101100	7110	0	0	0	100		0	0	0	0	0	0	1		7000	-1	 006d 0032 0030 005f 0030 0030 0020 30dc 30b9 90e8 5c4b 524d
0x000026C4	0x00001BE8	0x000036EA	0	10010163	12000110	101120	7110	0	2003	0	123		0	0	1	0	0	0	1		7011	-1	 006d 0032 0030 005f 0030 0030 0020 0042 0032 3078 306e 6249
0x000026C7	0x00001C18	0x00003704	0	10010163	-1	101120	7110	0	2001	0	121		0	0	1	0	0	0	1		7010	-1	 006d 0032 0039 005f 0030 0032 0020 0031 0046 3000 9375 4ed8 304d 6249
0x000026C8	0x00001C48	0x00003722	0	10010163	-1	101120	7110	0	2003	0	121		0	0	1	0	0	0	1		7010	-1	 006d 0032 0039 005f 0030 0032 0020 0032 0046 3000 9375 4ed8 304d 6249
0x000026C9	0x00001C78	0x00003740	0	10010163	-1	101120	7110	0	2004	0	121		0	0	1	0	0	0	1		7010	-1	 006d 0032 0039 005f 0030 0032 0020 0033 0046 3000 9375 4ed8 304d 6249
0x000026CA	0x00001CA8	0x0000375E	0	10010163	12910440	101120	7110	0	10	0	121		0	0	1	0	0	0	1		7010	-1	 006d 0032 0039 005f 30c0 30f3 30b8 30e7 30f3 0020 9375 4ed8 304d 6249
0x000026CB	0x00001CD8	0x0000377C	0	10010163	12910441	101120	7110	0	2002	0	121		0	0	1	0	0	0	1		7010	-1	 006d 0032 0039 005f 0030 0031 0020 0031 0046 4e0a 6bb5 9375 4ed8 304d 6249
0x000026CC	0x00001D08	0x0000379C	0	10010163	12910442	101120	7110	0	2003	0	121		0	0	1	0	0	0	1		7010	-1	 006d 0032 0039 005f 0030 0031 0020 0032 0046 4e2d 6bb5 9375 4ed8 304d 6249
0x000026CD	0x00001D38	0x000037BC	0	10010163	12910443	101120	7110	0	2004	0	121		0	0	1	0	0	0	1		7010	-1	 006d 0032 0039 005f 0030 0031 0020 0033 0046 4e2d 6bb5 9375 4ed8 304d 6249
0x000026CE	0x00001D68	0x000037DC	0	10010163	12910444	101120	7110	0	2005	0	121		0	0	1	0	0	0	1		7010	-1	 006d 0032 0039 005f 0030 0031 0020 0033 0046 30dc 30b9 524d 9375 4ed8 304d 6249
0x000026D5	0x00001D98	0x000037FE	0	-1	-1	101142	7523	0	0	0	191		0	0	0	0	0	0	1		7200	-1	 5b9d 7bb1 ff08 5c0f ff09
0x000026D6	0x00001DC8	0x0000380A	0	-1	-1	101141	7521	0	0	0	191		0	0	0	0	0	0	1		7210	-1	 5b9d 7bb1 ff08 4e2d ff09
0x000026D7	0x00001DF8	0x00003816	0	-1	-1	101143	7524	0	0	0	191		0	0	0	0	0	0	1		7220	-1	 5b9d 7bb1 ff08 5927 ff09
0x00002710	0x00001E28	0x00003822	10010500	-1	-1	101150	7100	150	0	0	191		1	60	0	0	30	0	0		-1	-1	 30c7 30d5 30a9 30eb 30c8 ff08 524a 9664 4e88 5b9a ff09
0x00002C29	0x00001E58	0x0000383A	10010400	10010163	11010192	101100	7110	60	2019	2100	100		0	60	1	1	60	0	1		-1	-1	 006d 0031 0030 005f 0030 0031 005f 30cf 30f3 30de 30fc 5854 6249 ff08 4e0b ff09
0x00002C30	0x00001E88	0x0000385C	10010400	10010163	11010172	101100	7110	60	2001	0	100		0	60	1	0	60	0	1		-1	-1	 006d 0031 0030 005f 0030 0031 005f 6c4e 7528 6249 ff08 9375 ff09
0x00002C33	0x00001EB8	0x00003878	10010400	10010163	11000120	101100	7110	60	2018	2100	100		0	60	1	1	60	0	1		-1	-1	 006d 0031 0030 005f 0030 0030 005f 6c4e 7528 6249 ff08 9375 ff09
0x00003E8A	0x00001EE8	0x00003894	10010400	10010163	11600110	101100	7110	60	2013	0	100		0	60	1	0	60	0	1		-1	-1	 006d 0031 0036 005f 0030 0030 0020 6c34 9580 30ec 30d0 30fc 306e 6249
0x000043F9	0x00001F18	0x000038B2	10010400	10010163	11700311	101120	7110	60	2020	0	100		0	60	1	0	60	0	1		-1	-1	 006d 0031 0037 005f 0030 0030 005f 7262 5c4b 306e 6249 0042
0x00004DD1	0x00001F48	0x000038CC	0	10010163	-1	101121	7110	0	0	0	123		0	0	0	0	0	0	1		7011	-1	 006d 0032 0030 005f 0031 0030 0020 6249 6301 3061 4e0a 3052
0x00004DD2	0x00001F78	0x000038E6	0	10010163	12000112	101120	7110	0	2004	0	122		0	0	1	0	0	0	1		7000	-1	 006d 0032 0030 005f 0030 0030 0020 0042 0034 3078 306e 6249
0x00004DD3	0x00001FA8	0x00003900	0	10010161	-1	101120	7110	0	4150	0	123		0	0	2	0	0	0	1		7011	-1	 006d 0032 0030 005f 0031 0030 0020 6249 6301 3061 4e0a 3052 0028 4e00 65b9 901a 884c 0029
0x00004DD4	0x00001FD8	0x00003926	0	10010163	-1	101120	7110	0	0	0	120		0	0	0	0	0	0	1		7000	-1	 006d 0032 0030 005f 0031 0030 0020 6249 6301 3061 4e0a 3052
0x00004DDA	0x00002008	0x00003940	0	10010163	12910440	101120	7110	0	10	0	123		0	0	1	0	0	0	1		7011	-1	 006d 0032 0039 005f 30c0 30f3 30b8 30e7 30f3 0020 9375 4ed8 304d 6249
0x00004DDB	0x00002038	0x0000395E	0	10010163	12910441	101120	7110	0	2002	0	123		0	0	1	0	0	0	1		7011	-1	 006d 0032 0039 005f 0030 0031 0020 0031 0046 4e0a 6bb5 9375 4ed8 304d 6249
0x00004DDC	0x00002068	0x0000397E	0	10010163	12910442	101120	7110	0	2003	0	123		0	0	1	0	0	0	1		7011	-1	 006d 0032 0039 005f 0030 0031 0020 0032 0046 4e2d 6bb5 9375 4ed8 304d 6249
0x00004DDD	0x00002098	0x0000399E	0	10010163	12910443	101120	7110	0	2004	0	123		0	0	1	0	0	0	1		7011	-1	 006d 0032 0039 005f 0030 0031 0020 0033 0046 4e2d 6bb5 9375 4ed8 304d 6249
0x00004DDE	0x000020C8	0x000039BE	0	10010163	12910444	101120	7110	0	2005	0	123		0	0	1	0	0	0	1		7011	-1	 006d 0032 0039 005f 0030 0031 0020 0033 0046 30dc 30b9 524d 9375 4ed8 304d 6249
0x00006B09	0x000020F8	0x000039E0	10010400	10010163	11700320	101100	7110	60	2006	0	100		0	60	1	0	60	0	1		-1	-1	 006d 0031 0037 005f 0030 0030 005f 5927 7262 5c4b
0x000F4240	0x00002128	0x000039F6	10010500	-1	-1	101150	7100	150	0	0	191		1	60	0	0	30	0	0		-1	-1	 30c7 30d5 30a9 30eb 30c8
0x001EAB90	0x00002158	0x00003A02	0	-1	-1	101150	7100	0	0	0	191		1	0	0	0	0	0	0		7100	-1	 30ec 30d0 30fc ff08 5b64 5150 9662 5916 002f 30a8 30ec 30d9 30fc 30bf 30fc 4e0a 4e0b ff09
0x001EAB9A	0x00002188	0x00003A28	0	-1	-1	101111	7120	0	0	0	120		1	0	0	0	0	0	1		7000	-1	 6249 ff08 30b9 30bf 30fc 30c8 90e8 5c4b ff09
0x001EABA4	0x000021B8	0x00003A3C	0	-1	-1	101112	7120	0	0	0	120		1	0	0	0	0	0	1		7000	-1	 6249 ff08 8056 5802 ff09
0x001EABAE	0x000021E8	0x00003A48	0	-1	-1	101110	7120	0	0	0	120		1	0	0	0	0	0	1		7000	-1	 6249 ff08 5b64 5150 9662 0031 0046 002f 0032 0046 ff09
0x002191CA	0x00002218	0x00003A60	0	-1	-1	101112	7120	0	0	0	120		1	0	0	0	0	0	1		7000	-1	 006d 0032 0032 005f 0030 0030 005f 6249 005f 5165 53e3
0x002191D4	0x00002248	0x00003A78	0	-1	-1	101150	7100	0	0	0	191		1	0	0	0	0	0	0		7100	-1	 006d 0032 0032 005f 0030 0030 005f 30ec 30d0 30fc
0x002191DE	0x00002278	0x00003A8E	0	10010163	-1	101104	7110	0	0	0	121		0	0	0	0	0	0	1		2200030	-1	 006d 0032 0032 005f 0030 0030 005f 6249 005f 30dc 30b9 90e8 5c4b 5f8c
0x00231860	0x000022A8	0x00003AAC	0	10010161	-1	101105	7112	0	0	0	120		1	0	0	0	0	0	1		2300011	-1	 006d 0032 0033 005f 0030 0030 005f 4e00 65b9 901a 884c 6249 005f 5f15 3044 3066 958b 3051 308b
0x00231861	0x000022D8	0x00003AD4	0	10010161	-1	101104	7110	0	0	0	121		1	0	0	0	0	0	1		2300010	-1	 006d 0032 0033 005f 0030 0030 005f 4e00 65b9 901a 884c 6249 005f 62bc 3057 3066 958b 3051 308b
0x0023186A	0x00002308	0x00003AFC	0	10010161	-1	101112	7120	0	0	0	121		1	0	0	0	0	0	1		2300010	-1	 006d 0032 0033 005f 0030 0030 005f 4e21 958b 304d 005f 4e00 65b9 901a 884c 6249
0x0023186B	0x00002338	0x00003B1E	0	10010161	-1	101112	7120	0	0	0	120		1	0	0	0	0	0	1		2300011	-1	 006d 0032 0033 005f 0030 0030 005f 4e21 958b 304d 005f 8b66 544a 306e 6249
0x00249F00	0x00002368	0x00003B3E	0	-1	-1	101150	7100	0	0	0	191		1	0	0	0	0	0	0		7100	-1	 006d 0032 0034 005f 0030 0030 005f 30ec 30d0 30fc 005f 5b64 5150 9662 005f 5916
0x00249F0A	0x00002398	0x00003B60	0	-1	-1	101112	7120	0	0	0	120		1	0	0	0	0	0	1		7000	-1	 006d 0032 0034 005f 0030 0030 005f 6249 005f 8056 5802
0x00249F14	0x000023C8	0x00003B78	0	-1	-1	101110	7120	0	0	0	120		1	0	0	0	0	0	1		7000	-1	 006d 0032 0034 005f 0030 0030 005f 6249 005f 5b64 5150 9662 0032 0046
0x00249F1E	0x000023F8	0x00003B96	0	-1	-1	101110	7120	0	0	0	120		1	0	0	0	0	0	1		7000	-1	 006d 0032 0034 005f 0030 0030 005f 6249 005f 5b64 5150 9662 0031 0046
0x00249F28	0x00002428	0x00003BB4	0	10010163	-1	101110	7120	0	2006	0	120		1	0	1	0	0	0	1		7000	-1	 006d 0032 0034 005f 0030 0030 005f 6249 005f 8056 5802 5927 9580 9375 4ed8 304d
0x00249F32	0x00002458	0x00003BD6	0	-1	-1	0	7120	0	0	0	120		1	0	0	0	0	0	1		7000	-1	 006d 0032 0034 005f 0030 0030 005f 5f8c 534a 6700 521d 306e 6249
0x00249F3C	0x00002488	0x00003BF2	0	-1	-1	101141	7521	0	0	0	100		0	0	0	0	0	0	1		7210	-1	 5b9d 7bb1 ff08 4e2d ff09
0x00249F46	0x000024B8	0x00003BFE	0	-1	-1	101143	7524	0	0	0	100		0	0	0	0	0	0	1		7220	-1	 5b9d 7bb1 ff08 5927 ff09
0x00249F50	0x000024E8	0x00003C0A	0	10010163	-1	101110	7120	0	4001	0	120		1	0	1	0	0	0	1		7000	-1	 006d 0032 0034 005f 0030 0030 005f 68ee 306e 6249
0x00249F5A	0x00002518	0x00003C20	0	-1	-1	101111	7110	0	0	0	120		1	0	0	0	0	0	1		7000	-1	 006d 0032 0034 005f 0030 0030 005f 6249 005f 73fe 5b9f 62e0 70b9 5165 53e3
0x00249F5B	0x00002548	0x00003C40	0	-1	-1	101111	7110	0	0	0	120		1	0	0	0	0	0	1		7000	-1	 006d 0032 0034 005f 0030 0030 005f 6249 005f 8056 5802 8857 0041 0043 63a5 7d9a 5854 6700 4e0b 5c64
0x00249F64	0x00002578	0x00003C6A	0	10010163	-1	101111	7110	0	4010	0	120		1	0	1	0	0	0	1		7000	10010874	 006d 0032 0034 005f 0030 0030 005f 6249 005f 8056 5802 8857 0043 5f8c 534a 5165 53e3
0x00249F6E	0x000025A8	0x00003C8E	0	-1	-1	101104	7110	0	0	0	121		1	0	0	0	0	0	1		7031	-1	 006d 0032 0034 005f 0030 0030 0020 6249 005f 8056 5802 8857 0041 3068 5ec3 589f 3068 306e 3064 306a 304e 6249
0x0024A2E7	0x000025D8	0x00003CBC	0	0	-1	101200	7010	0	0	0	191		1	0	0	0	0	0	0		7100	-1	 006d 0032 0034 005f 0030 0030 005f 5927 7832 767a 5c04 ff08 4eee ff09
0x0024C610	0x00002608	0x00003CDA	0	-1	-1	101150	7100	0	0	0	191		1	0	0	0	0	0	0		2410001	-1	 006d 0032 0034 005f 0030 0031 005f 30ec 30d0 30fc 005f 6c4e 7528
0x0024C611	0x00002638	0x00003CF6	0	10010163	-1	101150	7100	0	4000	0	191		1	0	1	0	0	0	0		2410001	-1	 006d 0032 0034 005f 0030 0031 005f 30ec 30d0 30fc 005f 30dc 30b9 9375
0x0024C61A	0x00002668	0x00003D14	0	-1	-1	101111	7120	0	0	0	120		1	0	0	0	0	0	1		7000	-1	 006d 0032 0034 005f 0030 0031 005f 4e21 958b 304d 6249
0x0024C624	0x00002698	0x00003D2C	0	-1	-1	101150	7100	0	0	0	191		1	0	0	0	0	0	1		7100	-1	 006d 0032 0034 005f 0030 0031 005f 5927 7832 767a 5c04
0x0024C62E	0x000026C8	0x00003D44	0	-1	-1	101110	7120	0	0	0	120		1	0	0	0	0	0	1		7002	-1	 006d 0032 0034 005f 0030 0031 005f 4e21 958b 304d 6249 005f 0045 0033 7248 958b 59cb 5730 70b9
0x0024C638	0x000026F8	0x00003D6C	0	-1	-1	101113	7110	0	0	0	121		1	0	0	0	0	0	1		2410050	-1	 006d 0032 0034 005f 0030 0031 005f 5c0f 6249 005f 62bc 3057 3066 958b 3051 308b
0x0024C642	0x00002728	0x00003D8E	0	-1	-1	101100	7110	0	0	0	100		1	0	0	0	0	0	1		7000	-1	 006d 0032 0034 005f 0030 0031 005f 5c0f 6249 005f 958b 9589 53ef 80fd
0x0024C64C	0x00002758	0x00003DAC	0	-1	-1	101104	7110	0	0	0	121		1	0	0	0	0	0	1		2410011	-1	 006d 0032 0034 005f 0030 0031 005f 6249 005f 5927 6a4b 5965
0x0024C656	0x00002788	0x00003DC6	0	10010161	-1	101100	7110	0	4150	0	100		1	0	2	0	0	0	1		7000	-1	 006d 0032 0034 005f 0030 0031 005f 5c0f 6249 005f 958b 9589 53ef 80fd 005f 4e00 65b9 901a 884c
0x0024C660	0x000027B8	0x00003DEE	0	10010163	-1	101112	7120	0	4000	0	120		1	0	1	0	0	0	1		7002	10010850	 006d 0032 0034 005f 0030 0031 005f 6249 005f 30ac 30b9 30b3 30a4 30f3 30dc 30b9 90e8 5c4b
0x0024C66A	0x000027E8	0x00003E14	0	-1	-1	101111	7120	0	0	0	120		1	0	0	0	0	0	1		7002	-1	 006d 0032 0034 005f 0030 0031 005f 6249 005f 0053 0043 7528 9244 683c 5b50 6249
0x0024ED20	0x00002818	0x00003E36	0	-1	-1	101150	7100	0	0	0	191		1	0	0	0	0	0	0		7100	-1	 006d 0032 0034 005f 0030 0032 005f 30ec 30d0 30fc
0x0024ED2A	0x00002848	0x00003E4C	0	10010161	-1	101100	7110	70	0	0	100		1	60	0	0	30	0	1		7000	-1	 006d 0032 0034 005f 0030 0032 005f 5b64 5150 9662 0032 0046 5c0f 6249 005f 9375 306a 3057
0x0024ED34	0x00002878	0x00003E72	0	10010163	-1	101110	7120	0	4006	0	120		1	0	1	0	0	0	1		7000	10010870	 006d 0032 0034 005f 0030 0032 005f 9375 3064 304d 4e21 958b 304d 6249 005f 5b64 5150 9662 0031 0046
0x0024ED3E	0x000028A8	0x00003E9C	0	-1	-1	101110	7120	0	0	0	120		1	0	0	0	0	0	1		7000	-1	 006d 0032 0034 005f 0030 0032 005f 4e21 958b 304d 6249 005f 5b64 5150 9662 0032 0046
0x0024ED48	0x000028D8	0x00003EC0	0	10010161	-1	101100	7110	70	4150	0	100		1	60	2	0	30	0	1		7000	-1	 006d 0032 0034 005f 0030 0032 005f 5b64 5150 9662 0032 0046 5c0f 6249 005f 4e00 65b9 901a 884c
0x002625A0	0x00002908	0x00003EE8	0	-1	-1	101150	7100	0	0	0	191		0	0	0	0	0	0	0		7100	-1	 006d 0032 0035 005f 0030 0030 0020 66f8 5eab 4ed5 639b 3051 30ec 30d0 30fc
0x002625AA	0x00002938	0x00003F08	0	-1	-1	101150	7100	0	0	0	191		0	0	0	0	0	0	0		7100	-1	 006d 0032 0035 005f 0030 0030 0020 0053 0043 30a8 30ec 30d9 30fc 30bf 30fc 30ec 30d0 30fc
0x0027AC40	0x00002968	0x00003F2E	0	-1	-1	101150	7100	0	0	0	191		1	0	0	0	0	0	0		7100	-1	 006d 0032 0036 005f 0030 0030 005f 30ec 30d0 30fc
0x0027AC4A	0x00002998	0x00003F44	0	-1	-1	101112	7120	0	0	0	120		1	0	0	0	0	0	1		7000	-1	 006d 0032 0036 005f 0030 0030 005f 793c 62dd 5802 6249
0x0027AC54	0x000029C8	0x00003F5C	0	10010163	-1	101120	7110	0	4009	0	121		0	0	1	0	0	0	1		7010	10010873	 006d 0032 0036 005f 0030 0030 005f 90aa 773c 6a4b 6249 005f 8868
0x0027AC55	0x000029F8	0x00003F78	0	10010163	-1	101120	7110	0	4009	0	123		0	0	1	0	0	0	1		7011	10010873	 006d 0032 0036 005f 0030 0030 005f 90aa 773c 6a4b 6249 005f 88cf
0x002932E0	0x00002A28	0x00003F94	0	-1	-1	101150	7100	0	0	0	191		1	0	0	0	0	0	0		7100	-1	 30ec 30d0 30fc ff08 30b7 30e7 30fc 30c8 30ab 30c3 30c8 002f 30a8 30ec 30d9 30fc 30bf 30fc 4e0a 4e0b ff09
0x002932EA	0x00002A58	0x00003FC0	0	10010161	-1	101104	7110	0	0	0	121		1	0	0	0	0	0	1		2700000	-1	 006d 0032 0037 005f 0030 0030 005f 4e00 65b9 901a 884c 6249 005f 98a8 8eca 5c0f 5c4b
0x002932F4	0x00002A88	0x00003FE4	0	10010163	-1	101111	7020	0	4008	0	120		1	0	1	0	0	0	1		7000	10010872	 006d 0032 0037 005f 0030 0030 005f 5927 5b66 3078 306e 6249
0x002932FE	0x00002AB8	0x00003FFE	0	10010161	-1	101104	7110	0	0	0	121		1	0	0	0	0	0	1		2700002	-1	 006d 0032 0037 005f 0030 0030 005f 30b7 30e7 30fc 30c8 30ab 30c3 30c8 306e 9580
0x002AB980	0x00002AE8	0x00004020	10010400	10010161	-1	101100	7110	70	4150	0	100		0	60	2	0	30	0	1		7000	-1	 006d 0032 0038 005f 0030 0030 005f 4e00 65b9 901a 884c 306e 6249 0030 0030
0x002AB98A	0x00002B18	0x00004040	0	10010163	-1	101111	7110	0	0	0	121		1	0	0	0	0	0	1		2800041	-1	 006d 0032 0038 005f 0030 0030 005f 4e21 958b 304d 306e 6249
0x002AB994	0x00002B48	0x0000405A	0	-1	-1	101111	7110	0	0	0	121		1	0	0	0	0	0	1		7031	-1	 006d 0032 0038 005f 0030 0030 0020 4e21 958b 304d 5c0f 0030 0034 005f 5c4b 5185 0033 005f 62bc 3059 5074
0x002C4020	0x00002B78	0x00004086	0	10010163	12910440	101120	7110	0	5000	0	121		0	0	1	0	0	0	1		7010	-1	 006d 0032 0039 005f 9375 4ed8 304d 6249 005f 0031 0046 30e1 30a4 30f3 30d6 30ed 30c3 30af 51fa 53e3
0x002C402A	0x00002BA8	0x000040B0	0	10010163	12910440	101120	7110	0	5001	0	121		0	0	1	0	0	0	1		7010	-1	 006d 0032 0039 005f 9375 4ed8 304d 6249 005f 0032 0046 30e1 30a4 30f3 30d6 30ed 30c3 30af 51fa 53e3
0x002C4034	0x00002BD8	0x000040DA	0	10010163	12910440	101120	7110	0	5002	0	121		0	0	1	0	0	0	1		7010	-1	 006d 0032 0039 005f 9375 4ed8 304d 6249 005f 0033 0046 30e1 30a4 30f3 30d6 30ed 30c3 30af 51fa 53e3
0x002C403E	0x00002C08	0x00004104	0	10010163	12910440	101120	7110	0	5003	0	121		0	0	1	0	0	0	1		7010	-1	 006d 0032 0039 005f 9375 4ed8 304d 6249 005f 0034 0046 30e1 30a4 30f3 30d6 30ed 30c3 30af 51fa 53e3
0x002C4084	0x00002C38	0x0000412E	0	10010163	-1	101120	7110	0	0	0	121		0	0	0	0	0	0	1		7010	-1	 006d 0032 0039 005f 0030 0030 0020 30d6 30ed 30c3 30af 6249 8868
0x002C4085	0x00002C68	0x0000414A	0	10010163	-1	101120	7110	0	0	0	123		0	0	0	0	0	0	1		7011	-1	 006d 0032 0039 005f 0030 0030 0020 30d6 30ed 30c3 30af 6249 88cf
0x002C478C	0x00002C98	0x00004166	0	10010740	-1	101112	7120	0	9920	0	121		0	0	2	0	0	0	1		7010	-1	 006d 0032 0039 005f 0030 0030 0020 5927 30dc 30b9 6249
0x002C4796	0x00002CC8	0x0000417E	0	10010740	-1	101112	7120	0	9920	0	121		0	0	2	0	0	0	1		7010	-1	 006d 0032 0039 005f 0030 0030 0020 4e2d 30dc 30b9 6249
0x002C47A0	0x00002CF8	0x00004196	0	10010740	-1	101115	7120	0	9920	0	121		0	0	2	0	0	0	1		7010	-1	 006d 0032 0039 005f 0030 0030 0020 5c0f 30dc 30b9 6249
0x002C47F0	0x00002D28	0x000041AE	0	-1	-1	101151	7100	0	0	0	191		1	0	0	0	0	0	1		7100	-1	 006d 0032 0039 005f 0030 0030 0020 30e1 30a4 30f3 30d6 30ed 30c3 30af 6249 30ec 30d0 30fc
0x002C6730	0x00002D58	0x000041D4	0	10010163	-1	101121	7110	0	0	0	121		0	0	0	0	0	0	1		7010	-1	 006d 0032 0030 005f 0030 0030 0020 6249 6301 3061 4e0a 3052 005f 8868
0x002C673A	0x00002D88	0x000041F2	0	10010163	-1	101121	7110	0	0	0	123		0	0	0	0	0	0	1		7011	-1	 006d 0032 0030 005f 0031 0030 0020 6249 6301 3061 4e0a 3052 005f 88cf
0x002C6B18	0x00002DB8	0x00004210	0	10010163	-1	101120	7110	0	0	0	121		0	0	0	0	0	0	1		7010	-1	 006d 0032 0030 005f 0030 0030 0020 30d6 30ed 30c3 30af 6249 6301 3061 4e0a 3052 005f 8868
0x002C6B22	0x00002DE8	0x00004236	0	10010163	-1	101120	7110	0	0	0	123		0	0	0	0	0	0	1		7011	-1	 006d 0032 0030 005f 0031 0030 0020 30d6 30ed 30c3 30af 6249 6301 3061 4e0a 3052 005f 88cf
0x002C99F8	0x00002E18	0x0000425C	0	-1	-1	101144	7524	0	0	0	191		0	0	0	0	0	0	1		7230	-1	 006d 0032 0039 005f 30d6 30ed 30c3 30af 5b9d 7bb1
0x002C9DE0	0x00002E48	0x00004272	0	-1	-1	101143	7524	0	0	0	191		0	0	0	0	0	0	1		7220	-1	 006d 0032 0039 005f 9ed2 3044 5b9d 7bb1
0x002CB99C	0x00002E78	0x00004284	0	-1	-1	101230	7100	0	0	0	191		1	0	0	0	0	0	0		7100	-1	 006d 0032 0039 005f 0030 0030 005f 8df3 306d 6a4b 30ec 30d0 30fc
0x002CBD20	0x00002EA8	0x000042A0	0	-1	-1	101240	7100	0	0	0	191		1	0	0	0	0	0	1		7100	-1	 006d 0032 0039 005f 0030 0030 005f 5927 7832 767a 5c04
0x0030D400	0x00002ED8	0x000042B8	0	-1	-1	101116	7110	0	0	0	125		10	0	0	0	0	0	1		3200000	-1	 006d 0033 0032 005f 0030 0030 005f 5927 6249 005f 60aa 5922 6559 5ba4 005f 6545 90f7 884c 304d
0x0030D401	0x00002F08	0x000042E0	0	-1	-1	101116	7110	0	0	0	125		10	0	0	0	0	0	1		3200001	-1	 006d 0033 0032 005f 0030 0030 005f 5927 6249 005f 60aa 5922 6559 5ba4 005f 0054 0052 884c 304d
0x0030D414	0x00002F38	0x00004308	0	-1	-1	101114	7110	0	0	0	120		1	0	0	0	0	0	1		3200000	-1	 006d 0033 0032 005f 0030 0030 005f 5c0f 6249 005f 5f15 3044 3066 958b 3051 308b
0x0030D415	0x00002F68	0x0000432A	0	-1	-1	101113	7110	0	0	0	121		1	0	0	0	0	0	1		3200001	-1	 006d 0033 0032 005f 0030 0030 005f 5c0f 6249 005f 62bc 3057 3066 958b 3051 308b
0x0030D41E	0x00002F98	0x0000434C	0	10010163	-1	101114	7110	0	4012	0	120		1	0	1	0	0	0	1		7030	10010876	 006d 0033 0032 005f 0030 0030 005f 4e21 958b 304d 5c0f 6249 005f 5f15 3044 3066 958b 3051 308b 005f 9375 4ed8 304d
0x0030D428	0x00002FC8	0x0000437C	0	10010163	-1	101113	7110	0	4013	0	121		1	0	1	0	0	0	1		7031	10010877	 006d 0033 0032 005f 0030 0030 005f 4e21 958b 304d 5c0f 6249 005f 30c6 30e9 30b9
0x00970FE0	0x00002FF8	0x0000439E	0	-1	-1	0	0	0	0	0	0		1	0	0	0	0	0	1		6000	-1	 006d 0039 0039 005f 0058 0058 005f 68fa
